know:[1 2 3 4 5 6 7 8 9 10 11 12 13 14 15 16 17 18 19 20 21 22 23 24 25 27 29 30 31 32 33 34 35 36 37 38 39 40 41 42 43 44 45 46 47 48 49 50 51 52 53 54 55 56 57 59 60 61 62 63 64 65 66 67 68 69 70 71 72 73 74 75 76 77 78 79 80 81 82 83 84 85 86 87 88 89 90 91 92 93 94 95 96 97 98 99 100 101 102 103 104 105 107 108 109 110 111 112 113 114 115 116 117 118 119 120 121 122 123 124 125 126 127 128 129 130 131 132 133 134 135 136 137 138 139 140 141 142 144 145 146 147 148 149 150 151 152 153 154 155 156 157 158 159 160 161 162 163 164 165 166 167 168 169 170 171 172 173 174 175 176 177 178 179 180 181 182 183 184 185 186 187 188 189 190 191 192 193 276 280 283 284 286 289 291 292 294 296 297 299 301 302 303 305 306 309 312 315 316 319 320 321 323 325 327 329 330 331 333 336 337 338 341 344 348 350 351 353 355] 229 fisiere
knew:[2 4 8 10 12 13 14 15 27 29 32 33 34 37 38 41 42 43 44 45 46 47 49 50 51 52 54 55 56 57 59 60 61 62 63 64 65 66 67 68 69 70 71 72 73 74 76 77 78 79 80 81 82 83 84 86 88 89 91 92 93 94 95 96 97 99 100 101 102 104 105 106 107 108 109 112 114 115 116 117 118 119 120 121 122 123 124 125 126 127 129 130 131 132 135 137 138 139 140 142 143 145 147 151 152 153 154 156 157 158 160 162 164 168 172 173 174 177 180 181 183 184 185 186 187 188 189 190 191 192 193 274 275 276 280 282 285 290 298 302 305 306 308 310 311 312 315 327 337 338 343 349 350 351 352 355] 156 fisiere
keep:[2 3 4 5 7 8 9 12 18 30 31 38 39 43 44 50 51 52 57 59 60 61 62 63 65 67 68 69 70 71 72 73 74 75 76 77 78 79 80 81 82 83 84 85 86 87 88 89 91 92 93 94 95 96 97 98 99 101 103 104 105 107 109 111 112 113 114 115 116 120 122 123 126 128 129 130 131 132 133 134 135 136 137 139 140 142 144 145 146 147 148 149 151 152 154 155 156 157 159 160 162 163 164 167 169 171 174 175 176 177 178 179 180 181 182 183 184 185 186 190 191 192 193 273 276 288 295 296 299 302 303 309 310 311 314 315 316 318 319 321 322 323 325 327 330 331 333 339 341 345 348 354 355] 153 fisiere
known:[1 2 6 13 14 19 20 22 23 25 27 28 31 33 34 39 40 41 42 43 44 45 46 49 50 53 54 55 56 58 59 60 61 63 65 67 68 69 70 71 72 73 74 75 76 77 78 82 85 86 87 88 91 93 95 96 97 99 100 101 103 105 108 110 111 112 114 115 117 118 120 121 123 125 127 128 130 131 136 140 141 142 144 145 146 148 149 152 154 158 159 160 163 164 166 169 170 172 174 178 180 181 183 189 190 192 193 273 282 285 288 289 295 297 298 302 306 308 309 310 315 316 319 321 325 326 327 329 330 338 339 341 350 354 355] 135 fisiere
kind:[4 5 8 10 12 14 16 17 19 20 21 22 23 25 27 30 31 32 34 36 37 38 39 41 43 44 45 46 47 49 53 54 55 56 57 58 59 60 62 64 65 66 67 69 71 72 73 74 75 76 78 80 82 83 84 85 88 92 93 94 96 99 101 103 104 105 106 107 110 114 116 117 119 120 123 125 126 128 129 134 135 136 140 143 147 148 151 152 153 154 156 158 161 163 164 165 167 168 169 171 172 174 175 178 179 180 183 186 191 193 273 274 276 277 278 289 296 298 299 302 308 312 315 316 318 325 327 330 337 340 341 348 350 355] 134 fisiere
kept:[12 13 21 27 38 39 43 45 50 51 53 55 58 59 60 61 63 66 68 69 70 72 73 74 75 76 77 79 81 82 83 86 88 89 92 93 95 96 98 99 100 101 103 104 106 107 108 109 110 114 115 118 119 120 121 122 124 125 126 127 128 129 130 131 132 133 134 136 137 138 139 140 142 145 147 148 149 151 152 156 158 159 161 162 164 166 168 171 178 180 181 182 183 184 185 186 187 188 190 191 192 276 277 288 293 294 295 298 299 301 302 303 310 311 315 318 321 322 325 327 333 335 337 338 341 348 351 355] 128 fisiere
knows:[15 24 32 41 44 45 50 59 60 61 68 69 72 73 76 80 83 84 85 86 87 91 93 94 95 97 99 103 104 108 111 114 115 116 117 119 120 124 126 128 129 131 132 133 134 136 137 138 139 140 141 148 149 151 153 155 159 166 167 171 173 177 180 181 182 183 186 187 188 189 274 278 282 287 292 293 298 303 306 307 312 315 321 325 327 329 337 341 342 348 355] 91 fisiere
knowing:[7 8 12 14 16 25 27 29 31 34 35 38 39 41 42 43 44 47 53 55 63 67 69 71 72 76 77 78 79 81 83 84 94 96 99 101 102 104 108 112 115 117 121 127 128 130 131 133 134 137 138 140 142 143 150 151 154 155 157 158 162 168 174 178 179 185 274 276 283 289 302 306 309 314 316 320 325 330 331 350] 80 fisiere
keeping:[19 21 54 59 71 72 74 76 78 82 85 86 92 93 95 96 97 98 101 102 104 105 108 109 114 115 116 118 120 121 126 130 131 132 133 137 138 140 148 153 154 156 161 163 166 168 179 189 191 193 277 283 284 288 290 293 295 315 321 326 327 330 355] 63 fisiere
knees:[43 60 64 66 70 72 73 74 75 76 79 80 82 84 85 86 91 92 93 94 98 99 101 103 106 109 113 115 116 121 127 130 131 132 134 140 143 145 146 147 153 155 156 159 160 162 163 168 173 180 181 183 187 192 284 286 299 302 311 315 335] 61 fisiere
king:[3 5 24 25 34 37 66 68 69 70 71 72 74 80 82 84 85 86 87 88 89 90 91 96 98 99 101 273 277 285 286 289 290 294 300 302 306 309 314 315 318 325 327 330 331 333 334 338 339 354 355] 51 fisiere
killed:[44 45 50 68 75 83 97 108 109 112 113 115 117 120 121 123 125 127 129 131 133 134 137 139 140 141 146 147 273 280 286 289 290 298 303 309 315 321 327 330 333 336 337 346 348 349 352 354 355] 49 fisiere
kill:[48 68 83 87 90 92 93 97 98 100 101 106 107 120 121 127 129 131 135 137 140 143 155 156 187 190 244 274 276 277 290 298 305 306 311 315 325 327 330 339 341 346 348 349 355] 45 fisiere
kings:[65 66 69 71 72 73 74 77 79 80 81 82 84 85 86 87 88 89 90 91 96 98 148 171 190 273 276 286 289 298 300 302 306 315 327 331 333 334 336 337 350] 41 fisiere
knowledge:[2 7 8 21 26 27 28 29 30 32 33 38 44 47 56 58 59 60 61 63 71 72 82 84 89 96 104 107 134 136 174 184 189 193 289 302 306 315 338 340 352] 41 fisiere
kindness:[2 4 6 7 9 14 17 20 24 25 30 33 34 35 36 46 47 52 55 57 62 67 71 83 89 95 114 116 129 130 133 141 152 172 181 186 191 283 316 333] 40 fisiere
kindly:[12 19 24 27 32 35 60 65 66 74 78 80 82 85 90 92 95 109 118 119 122 123 125 126 128 130 140 143 149 152 154 168 172 180 186 306 337 355] 38 fisiere
keen:[65 66 67 68 69 71 75 76 77 82 83 84 85 87 91 92 95 96 97 103 107 116 136 140 179 274 298 303 311 315 321 322 325 330 348 352 355] 37 fisiere
kitchen:[12 59 62 63 65 95 102 107 108 114 115 116 117 129 134 138 144 146 147 148 156 161 166 168 169 170 171 174 192 288 290] 31 fisiere
knocked:[61 77 83 111 112 114 117 132 135 138 139 142 144 147 153 159 166 168 171 181 189 190 192 290 304 325 345 350 355] 29 fisiere
key:[61 74 75 90 102 103 108 109 126 137 145 151 153 154 155 167 176 179 183 184 187 188 190 275 282 290 305 315] 28 fisiere
knife:[69 70 71 73 74 77 80 83 85 87 92 99 107 133 146 149 155 190 192 302 305 306 311 317 325 327 341] 27 fisiere
keeps:[20 35 43 60 67 89 93 103 106 109 111 112 113 126 132 171 190 276 289 302 306 322 330 341] 24 fisiere
knock:[59 61 68 71 74 80 83 92 94 104 117 125 126 144 145 150 154 166 168 172 182 273 337 352] 24 fisiere
kitty:[2 12 13 14 17 18 21 24 37 39 40 43 44 45 46 50 51 52 55 56 58] 21 fisiere
knocking:[65 74 89 108 110 111 125 129 132 134 150 152 154 163 181 190 274 280 288 315 349] 21 fisiere
kindled:[64 71 74 75 76 82 84 87 88 90 93 95 96 99 100 140 187 188 276 283] 20 fisiere
kindred:[54 61 70 71 74 76 77 87 88 90 96 142 160 175 189 278 306 330 335 348] 20 fisiere
kick:[63 64 83 106 115 142 145 146 147 153 155 159 172 182 276 295 299 301 321] 19 fisiere
kiss:[44 93 99 106 115 116 118 128 131 132 136 137 139 147 167 175 182 305 348] 19 fisiere
kissed:[49 52 101 103 104 106 115 116 125 135 136 138 139 140 163 179 181 283] 18 fisiere
keel:[79 282 296 298 307 311 317 325 327 328 331 338 341 352 353 354 355] 17 fisiere
knelt:[70 81 86 87 91 92 93 94 101 104 115 125 127 140 145 172 189] 17 fisiere
katerina:[103 115 118 119 125 127 128 129 130 131 132 133 135 136 137 138] 16 fisiere
kissing:[80 81 98 103 116 124 125 128 129 130 132 138 139 140 167 191] 16 fisiere
knives:[59 66 72 74 81 83 88 89 91 96 99 129 293 302 311 315] 16 fisiere
keys:[74 86 89 102 108 114 142 151 162 166 167 173 192 338 345] 15 fisiere
kingdom:[3 26 47 66 69 70 73 96 103 115 125 166 181 302] 14 fisiere
knee:[96 99 104 134 136 165 168 174 182 190 193 291 312 318] 14 fisiere
kin:[69 70 71 72 84 86 87 95 96 99 297 306] 12 fisiere
kinds:[60 61 64 71 95 106 159 176 190 292 293 302] 12 fisiere
kicking:[106 110 122 145 147 155 172 182 301 302 321] 11 fisiere
killing:[83 92 120 121 131 137 139 309 331 337] 10 fisiere
knot:[74 83 92 98 107 149 153 155 156 348] 10 fisiere
keenly:[69 76 82 129 170 172 177 325 355] 9 fisiere
kneeling:[66 80 91 115 133 158 282 347 348] 9 fisiere
knotted:[64 83 84 102 156 276 331 349 355] 9 fisiere
kent:[12 24 29 31 32 33 41 49] 8 fisiere
kinder:[32 57 59 76 91 154 180 186] 8 fisiere
keenest:[12 41 44 97 289 298 355] 7 fisiere
kicked:[64 143 145 156 177 299 301] 7 fisiere
kindhearted:[104 115 129 151 170 171 293] 7 fisiere
kapernaumov:[103 119 125 132 137 138] 6 fisiere
keeper:[60 77 151 172 182 188] 6 fisiere
keyhole:[145 147 153 164 167 290] 6 fisiere
kingpost:[298 301 311 312 337 348] 6 fisiere
kneel:[115 139 145 164 312 348] 6 fisiere
knots:[92 148 192 273 276 299] 6 fisiere
koch:[108 109 110 112 113 140] 6 fisiere
kapernaumovs:[103 119 125 132 137] 5 fisiere
kennel:[145 150 179 182 299] 5 fisiere
kerchief:[102 103 110 114 115] 5 fisiere
khazaddm:[73 74 75 77 88] 5 fisiere
kheledzram:[73 76 77 78 88] 5 fisiere
knoll:[64 66 74 83 84] 5 fisiere
keels:[327 330 348 353] 4 fisiere
keener:[32 69 77 355] 4 fisiere
keepers:[72 172 278 355] 4 fisiere
kid:[159 160 168 178] 4 fisiere
kingly:[74 78 96 298] 4 fisiere
knitted:[118 123 132 355] 4 fisiere
knitting:[105 119 156 350] 4 fisiere
knowd:[153 156 191 276] 4 fisiere
k:[102 109 110] 3 fisiere
karl:[108 109 129] 3 fisiere
keeled:[305 352 355] 3 fisiere
kelson:[282 337 350] 3 fisiere
kettles:[70 163 327] 3 fisiere
kidnapped:[153 189 325] 3 fisiere
kidnapping:[156 325 345] 3 fisiere
kille:[276 286 294] 3 fisiere
kindest:[43 181 191] 3 fisiere
kindle:[64 137 325] 3 fisiere
kingdoms:[65 95 331] 3 fisiere
knobbed:[100 101 338] 3 fisiere
knocks:[74 93 116] 3 fisiere
knowest:[289 291 348] 3 fisiere
knowingly:[68 276 306] 3 fisiere
kolya:[115 129 132] 3 fisiere
katia:[135 138] 2 fisiere
keeneyed:[84 98] 2 fisiere
keenness:[72 83] 2 fisiere
ken:[153 179] 2 fisiere
kentuckian:[334 339] 2 fisiere
kettle:[61 163] 2 fisiere
kibilnla:[72 77] 2 fisiere
kicks:[301 315] 2 fisiere
killer:[273 302] 2 fisiere
kills:[237 282] 2 fisiere
kinchin:[182 185] 2 fisiere
kindling:[82 352] 2 fisiere
kindnesses:[73 173] 2 fisiere
kink:[276 318] 2 fisiere
kinsman:[71 76] 2 fisiere
kisses:[104 125] 2 fisiere
kitchens:[109 139] 2 fisiere
kith:[297 306] 2 fisiere
kitten:[101 163] 2 fisiere
knave:[120 121] 2 fisiere
knaves:[131 298] 2 fisiere
kneebreeches:[144 177] 2 fisiere
kneepans:[284 321] 2 fisiere
knell:[173 192] 2 fisiere
knighthood:[5 25] 2 fisiere
knights:[298 327] 2 fisiere
knottiest:[171 329] 2 fisiere
knowst:[349 355] 2 fisiere
knuckles:[96 145] 2 fisiere
kozel:[103 115] 2 fisiere
kozels:[103 115] 2 fisiere
krestovsky:[111 133] 2 fisiere
krusensterns:[297 309] 2 fisiere
kags:[190] 1 fisiere
kala:[318] 1 fisiere
kammerjunker:[115] 1 fisiere
kannakin:[325] 1 fisiere
kants:[325] 1 fisiere
kazan:[105] 1 fisiere
kedger:[315] 1 fisiere
kedron:[334] 1 fisiere
keehee:[318] 1 fisiere
keeling:[315] 1 fisiere
keelon:[341] 1 fisiere
keelsone:[318] 1 fisiere
keeneared:[59] 1 fisiere
keenedged:[88] 1 fisiere
keepsake:[119] 1 fisiere
keg:[311] 1 fisiere
kelpy:[282] 1 fisiere
keni:[190] 1 fisiere
kenilworth:[40] 1 fisiere
kennels:[161] 1 fisiere
kens:[190] 1 fisiere
kensington:[161] 1 fisiere
kentledge:[330] 1 fisiere
kentucky:[325] 1 fisiere
kep:[183] 1 fisiere
kepler:[120] 1 fisiere
kerb:[75] 1 fisiere
ketch:[166] 1 fisiere
kew:[161] 1 fisiere
keyed:[306] 1 fisiere
keyholeall:[290] 1 fisiere
keynote:[355] 1 fisiere
keystone:[337] 1 fisiere
khan:[300] 1 fisiere
khazd:[87] 1 fisiere
kidnap:[325] 1 fisiere
killednot:[352] 1 fisiere
killerof:[302] 1 fisiere
killers:[302] 1 fisiere
kiln:[140] 1 fisiere
kilns:[140] 1 fisiere
kinchins:[182] 1 fisiere
kindler:[78] 1 fisiere
kindliness:[119] 1 fisiere
kindlingwood:[345] 1 fisiere
kindlt:[85] 1 fisiere
kindnot:[273] 1 fisiere
kindreds:[81] 1 fisiere
kindstailors:[102] 1 fisiere
kine:[339] 1 fisiere
kingdomprovided:[16] 1 fisiere
kingfisher:[97] 1 fisiere
kingfishers:[97] 1 fisiere
kingston:[171] 1 fisiere
kingtheres:[37] 1 fisiere
kinross:[274] 1 fisiere
kinsfolk:[84] 1 fisiere
kinship:[82] 1 fisiere
kinsmen:[303] 1 fisiere
kit:[327] 1 fisiere
kitchengarden:[65] 1 fisiere
kitchentable:[103] 1 fisiere
kittenlike:[330] 1 fisiere
kittens:[163] 1 fisiere
kittys:[37] 1 fisiere
klopstock:[103] 1 fisiere
knack:[148] 1 fisiere
knavery:[193] 1 fisiere
kneedeep:[274] 1 fisiere
kneejoint:[341] 1 fisiere
knickknacks:[128] 1 fisiere
knifehandle:[321] 1 fisiere
knifelike:[311] 1 fisiere
knifestroke:[74] 1 fisiere
knifework:[87] 1 fisiere
knight:[298] 1 fisiere
knighterrantism:[310] 1 fisiere
knightheads:[347] 1 fisiere
knightly:[327] 1 fisiere
knit:[330] 1 fisiere
knits:[105] 1 fisiere
knittingneedles:[307] 1 fisiere
knob:[290] 1 fisiere
knobbly:[64] 1 fisiere
knobby:[312] 1 fisiere
knobknuckled:[84] 1 fisiere
knobs:[281] 1 fisiere
knockdown:[126] 1 fisiere
knocker:[145] 1 fisiere
knockers:[315] 1 fisiere
knockings:[276] 1 fisiere
knockkneed:[182] 1 fisiere
knocksthe:[330] 1 fisiere
knopps:[128] 1 fisiere
knotholes:[327] 1 fisiere
knotty:[351] 1 fisiere
knowand:[124] 1 fisiere
knowanything:[63] 1 fisiere
knowdear:[144] 1 fisiere
knowledg:[59] 1 fisiere
knowledgeable:[59] 1 fisiere
knowledgeas:[305] 1 fisiere
knowmerrys:[311] 1 fisiere
knownot:[304] 1 fisiere
knowone:[46] 1 fisiere
knowrelieve:[327] 1 fisiere
knowsand:[338] 1 fisiere
knowsperhaps:[138] 1 fisiere
knowsquaredtoed:[289] 1 fisiere
knowthe:[193] 1 fisiere
knuckle:[150] 1 fisiere
kobelev:[111] 1 fisiere
kobilatnikovs:[130] 1 fisiere
kolomensky:[112] 1 fisiere
kooloo:[318] 1 fisiere
korah:[316] 1 fisiere
kraken:[317] 1 fisiere
kremlin:[339] 1 fisiere
krimpatul:[72] 1 fisiere
krusenstern:[297] 1 fisiere
kryukov:[112] 1 fisiere
kympton:[49] 1 fisiere
