round:[11 16 26 27 31 41 43 48 49 51 52 53 57 59 60 61 62 63 64 65 66 67 68 69 70 71 72 73 74 75 76 77 78 79 82 83 84 85 86 87 88 89 90 91 92 93 94 95 96 97 98 99 100 101 102 103 104 105 106 107 108 109 110 111 112 113 114 115 116 117 119 120 121 122 124 125 126 127 128 129 130 131 132 133 134 136 137 138 139 140 141 142 143 144 145 147 148 149 150 151 152 153 154 155 156 157 158 159 160 161 162 163 164 165 166 167 168 169 170 171 172 173 174 177 178 179 180 182 183 184 185 186 187 188 189 190 191 192 193 273 274 275 276 277 278 279 280 281 282 283 286 287 288 289 290 291 294 295 297 298 301 302 303 305 306 308 310 311 312 313 314 315 316 318 319 321 322 324 325 326 327 328 330 331 332 333 335 336 337 338 339 340 341 344 345 346 347 348 349 350 351 352 353 354 355] 205 fisiere
right:[10 11 12 13 14 15 16 17 19 24 27 28 29 30 31 34 35 38 39 40 44 46 47 48 49 53 55 58 59 60 61 62 63 64 65 66 67 68 69 70 71 72 73 74 75 76 77 78 79 80 81 82 83 84 85 86 87 89 91 92 93 94 95 96 97 98 99 100 101 102 103 104 105 106 107 108 109 110 111 112 113 114 115 116 117 118 119 120 121 122 123 124 125 126 128 129 130 131 133 134 135 136 137 138 139 140 142 143 144 146 147 148 151 152 153 155 156 157 158 159 160 161 162 163 165 166 167 168 169 172 173 175 178 182 183 184 185 187 188 189 190 191 192 193 244 273 274 276 277 282 286 287 288 289 290 291 292 294 295 299 301 302 305 306 308 309 311 312 314 315 316 317 318 321 322 325 327 330 331 333 337 338 339 341 346 347 348 352 355] 189 fisiere
rather:[3 4 5 6 7 8 10 14 16 17 21 24 26 27 28 31 33 37 39 40 41 42 43 48 53 54 55 56 57 58 59 60 61 62 63 65 66 67 68 69 70 71 72 73 75 76 77 78 79 81 82 83 84 86 87 88 89 92 94 95 96 99 100 101 102 103 104 105 108 109 111 112 113 114 115 116 117 118 119 120 121 122 123 124 126 127 128 129 130 131 132 134 135 136 137 138 140 141 142 143 144 145 146 147 148 149 150 151 152 153 154 155 156 157 158 160 161 162 163 164 166 168 169 171 174 176 177 178 180 181 182 183 188 190 273 274 275 276 277 278 282 285 288 289 290 291 297 298 302 303 306 308 311 313 315 318 321 323 325 327 331 333 334 335 337 338 341 348 351] 169 fisiere
room:[1 3 4 5 6 7 8 9 10 11 13 14 16 17 18 19 23 24 26 27 28 29 30 31 32 35 36 41 42 43 44 46 48 50 51 52 53 54 56 59 60 61 64 65 67 68 69 71 73 74 75 76 77 84 87 101 102 103 104 106 107 108 109 110 111 112 113 114 115 116 118 119 120 121 122 123 124 125 126 127 128 129 130 131 132 133 134 135 137 138 139 140 142 143 144 145 147 148 149 150 152 153 154 155 156 157 158 159 160 161 162 163 164 165 166 167 168 169 170 171 172 173 174 175 177 178 179 180 181 183 184 185 186 187 188 189 190 191 192 274 275 276 277 278 282 283 284 288 290 308 311 330 336 345] 154 fisiere
rest:[2 3 10 14 15 16 19 20 21 22 24 34 37 38 39 41 42 43 44 46 48 49 51 53 54 55 59 60 61 64 65 66 69 70 71 72 73 74 75 76 77 78 79 80 81 82 83 84 85 86 87 88 89 90 91 92 93 95 96 97 98 99 101 103 105 108 109 114 115 116 117 118 120 121 122 124 126 127 129 130 131 132 133 134 135 136 137 140 141 142 145 147 148 152 161 162 166 168 170 171 172 174 175 181 183 185 186 188 189 191 273 276 277 278 281 287 289 290 297 298 303 305 306 308 315 317 319 320 325 327 328 330 333 336 337 341 346 348 352 354 355] 141 fisiere
really:[6 7 8 10 11 12 13 14 15 16 17 18 19 20 21 22 23 24 26 27 29 31 35 38 40 41 43 44 46 47 48 49 50 52 56 57 58 59 60 61 62 63 64 67 68 70 71 72 80 83 84 89 90 91 92 93 94 95 97 99 100 101 102 103 104 105 106 107 108 110 111 112 113 114 115 116 117 118 119 120 121 122 123 124 125 126 127 128 129 130 131 132 134 135 136 137 138 139 140 151 152 154 155 156 157 158 170 171 174 177 179 181 183 189 190 193 276 290 292 302 315 316 318 325 327 329 333 337 341 354] 130 fisiere
returned:[1 3 6 8 13 16 18 19 20 21 24 26 27 28 31 32 39 40 41 42 43 44 47 48 49 50 52 59 60 61 65 66 67 68 70 71 72 73 74 77 78 79 81 82 83 85 86 87 88 89 90 91 93 94 95 96 98 99 100 103 104 106 107 108 110 111 114 115 120 128 130 133 139 140 142 143 145 146 147 148 149 152 153 154 155 156 157 158 160 162 163 164 166 167 168 169 170 171 172 173 174 175 177 178 179 181 182 184 185 186 187 188 189 190 191 192 193 276 302 309 311 315 317 325 330 331 352 355] 128 fisiere
reason:[8 10 12 14 16 18 22 23 24 28 29 31 32 33 34 36 37 38 39 42 43 44 45 48 49 50 52 53 54 55 57 61 63 65 68 69 71 72 73 74 80 82 86 96 97 102 104 106 107 108 109 110 111 112 113 114 115 117 118 119 120 121 122 123 124 125 126 128 129 130 131 134 135 136 148 154 156 161 163 165 170 175 176 177 180 181 182 183 184 186 276 281 284 290 297 302 305 306 309 311 315 318 321 323 325 327 329 330 331 333 336 339 340 341 349 351 352 355] 118 fisiere
replied:[1 3 4 6 7 8 9 11 14 16 17 18 19 20 22 23 26 27 29 30 31 32 36 37 38 39 41 43 44 45 46 47 48 49 50 52 53 54 55 56 59 60 67 68 73 84 86 91 95 113 114 116 119 120 122 127 128 140 142 143 144 145 146 147 148 149 150 151 152 153 154 155 156 157 158 159 160 161 162 163 164 165 166 167 168 169 170 171 172 173 174 175 176 177 178 179 180 181 182 183 184 185 186 187 188 189 190 191 192 273 286 291 306 315 325 331 344 354] 118 fisiere
ready:[7 9 12 14 21 22 23 24 25 26 27 29 33 36 37 42 44 56 59 61 62 63 64 65 66 67 68 69 71 72 74 76 78 79 82 83 85 86 87 88 91 93 94 95 96 98 99 100 103 104 105 106 107 110 111 112 114 115 120 121 123 126 127 128 129 130 132 134 135 136 137 139 140 142 143 148 154 159 160 161 165 168 171 173 181 182 184 185 186 188 190 191 276 289 291 293 297 298 299 305 306 309 310 311 315 321 322 325 327 330 333 335 341 354 355] 115 fisiere
remained:[3 11 15 16 21 22 29 33 36 40 41 42 43 44 47 49 52 53 55 58 59 61 63 67 69 70 72 73 74 75 76 77 78 79 80 81 83 84 86 87 88 89 91 92 93 94 95 96 104 107 108 110 112 114 115 116 118 121 125 126 127 128 130 132 136 137 140 141 143 145 146 147 148 150 152 154 155 158 160 163 164 173 174 176 178 179 186 188 190 191 192 282 284 289 290 294 302 311 312 315 325 327 328 330 332 340 347 348 350 351 352 355] 112 fisiere
run:[9 17 20 24 40 45 46 52 54 59 60 61 63 66 67 69 70 71 74 75 82 83 84 85 89 91 92 94 96 97 99 100 101 106 107 108 111 112 114 115 116 117 118 120 124 126 129 130 131 132 133 134 136 137 138 139 142 143 146 147 148 150 151 153 154 155 157 158 160 161 162 165 171 172 174 178 179 182 190 273 276 279 282 286 287 290 295 298 302 303 304 305 308 315 318 319 325 327 328 330 331 333 337 347 348 350 351 352 355] 109 fisiere
ran:[9 10 11 43 44 46 47 48 52 59 60 61 62 64 65 66 67 68 69 70 71 72 74 75 76 77 78 79 80 81 82 83 84 85 86 87 88 89 91 92 93 95 96 97 98 99 100 101 103 106 108 109 110 111 112 113 114 115 116 118 120 121 122 124 125 126 127 129 130 132 134 137 138 140 142 145 147 148 149 154 155 158 163 168 169 173 177 179 188 190 191 276 280 281 289 290 295 299 315 317 325 331 342 346 348 351 355] 107 fisiere
rose:[24 32 50 51 53 59 60 61 62 63 64 65 66 68 70 71 72 73 74 76 77 78 79 80 81 82 83 84 85 86 87 88 89 92 93 94 95 96 97 98 99 100 103 106 107 108 109 110 113 119 120 126 128 129 132 133 134 138 139 140 142 146 147 152 159 161 162 163 164 168 169 170 171 172 173 174 175 176 177 179 180 181 182 184 186 187 188 190 191 192 193 282 286 290 311 313 315 317 318 325 330 331 338 341 347 351 355] 107 fisiere
reached:[6 9 13 16 24 31 33 36 41 42 43 44 46 53 54 55 59 60 61 62 63 64 66 67 68 69 70 71 72 73 74 75 76 79 80 82 83 84 85 86 87 91 92 93 96 98 99 100 101 102 105 106 107 108 109 110 113 115 117 119 120 121 128 131 133 134 138 139 140 145 146 147 148 151 152 154 156 157 159 160 161 166 167 168 173 174 177 179 184 186 187 189 191 192 282 288 309 315 325 339 346 355] 102 fisiere
running:[10 22 26 28 44 46 48 50 52 59 60 61 62 64 65 66 67 68 69 70 71 73 74 76 77 78 79 80 82 83 84 86 87 91 93 95 96 98 100 101 106 107 110 111 112 114 115 116 126 127 129 130 132 134 139 142 143 145 147 150 151 154 156 157 161 166 168 172 173 174 175 178 181 182 188 190 276 277 285 286 290 294 299 303 306 308 309 311 312 315 318 319 320 325 328 330 332 337 343 348 354 355] 102 fisiere
remember:[6 7 9 10 12 14 16 22 23 30 31 33 34 43 44 49 52 55 56 59 61 65 66 67 68 69 71 72 73 74 76 77 78 79 82 83 84 85 86 88 90 91 92 94 96 97 99 101 102 103 104 105 106 108 110 111 112 113 114 115 116 118 119 120 122 123 124 125 127 128 130 131 132 133 134 135 136 137 139 140 144 157 160 173 177 185 191 192 277 289 301 306 315 321 325 327 329 333 338 345 355] 101 fisiere
return:[2 3 8 10 13 14 16 19 20 21 23 24 25 33 34 35 39 41 43 45 46 48 49 52 53 54 55 57 59 60 61 68 70 71 72 74 76 77 78 79 80 82 83 84 85 86 87 88 94 95 96 97 101 105 106 112 113 114 117 118 123 126 128 129 130 132 133 134 136 140 154 159 161 167 168 170 171 172 173 175 176 179 180 181 183 187 188 189 190 191 193 273 297 302 307 315 316 325 352 355] 100 fisiere
raised:[3 18 20 41 43 51 67 70 71 72 74 75 82 84 85 86 87 88 90 92 94 97 99 100 101 103 104 105 106 107 108 110 112 114 115 120 121 122 124 125 126 128 129 131 132 137 138 140 141 143 144 145 147 148 149 150 151 152 153 155 156 157 159 160 161 164 165 168 171 172 173 176 177 178 179 180 183 186 187 190 276 282 295 303 309 311 315 321 327 328 332 337 345 348 350 355] 96 fisiere
red:[7 16 59 61 62 63 64 65 66 67 68 69 70 71 72 73 74 75 77 78 79 81 82 83 84 85 86 87 88 89 91 92 94 95 96 98 99 100 101 103 106 107 108 114 116 117 120 121 129 132 135 138 140 143 144 145 146 148 149 152 153 154 155 157 160 165 166 169 171 173 182 184 186 187 192 275 279 281 288 295 298 306 311 315 318 321 322 327 328 331 335 341 344 345 348 355] 96 fisiere
received:[4 6 7 9 10 12 13 14 16 18 24 26 29 32 33 34 36 39 41 43 44 45 46 47 48 49 50 51 53 54 55 56 58 59 70 76 86 100 103 104 105 107 109 111 113 114 117 120 123 125 126 131 135 137 138 140 142 144 147 156 159 165 170 171 173 174 175 180 181 183 188 189 192 193 273 276 282 288 289 294 302 306 309 315 325 330 331 333 336 340 341 344 352 354 355] 95 fisiere
read:[5 8 11 12 16 19 20 24 27 32 33 34 38 43 45 46 49 54 59 61 63 68 71 72 73 74 75 76 77 78 81 82 85 91 96 97 99 101 103 104 105 108 109 112 114 115 116 117 118 120 121 123 125 129 133 134 137 138 139 140 142 143 145 154 156 157 159 160 172 176 178 181 183 186 192 193 280 282 303 305 306 309 316 323 325 326 327 330 331 337 339 341 348 355] 94 fisiere
real:[5 9 11 12 18 21 23 29 32 33 34 38 39 40 41 42 43 44 46 49 53 57 59 60 66 68 71 72 73 74 84 91 94 95 96 99 101 102 103 104 107 111 112 113 114 115 118 120 121 125 126 129 131 132 136 140 144 153 157 160 161 162 163 170 171 172 174 184 186 187 188 191 192 276 284 287 297 301 302 306 312 315 323 324 325 330 338 341 348 352] 90 fisiere
repeated:[6 8 10 13 16 17 25 26 28 32 39 41 43 44 48 56 59 65 66 67 72 74 79 84 92 94 101 105 109 110 111 112 113 114 115 116 119 120 121 123 124 125 126 127 130 131 133 134 136 137 142 143 144 145 151 152 154 155 158 167 171 178 179 182 183 184 186 187 189 190 191 192 288 289 292 303 306 311 315 318 319 327 328 330 333 338 339 348] 88 fisiere
road:[26 28 30 32 40 41 43 44 53 59 60 61 62 63 64 65 66 67 68 69 70 71 72 73 74 75 76 77 78 79 80 81 82 83 84 85 86 87 88 89 90 91 92 93 94 95 96 97 98 99 100 101 104 105 106 113 114 115 125 133 135 140 145 147 148 150 152 157 159 161 162 166 167 168 174 176 182 183 186 188 191 192 287 305 325 343] 86 fisiere
reply:[3 7 8 10 11 15 16 17 18 25 29 32 39 42 44 49 52 55 56 58 66 68 79 92 95 97 101 107 113 114 116 118 119 120 122 126 129 138 143 145 146 148 149 151 152 153 154 155 156 157 160 163 164 165 166 168 169 170 173 174 175 178 179 184 187 191 289 290 311 318 345 355] 72 fisiere
rising:[15 17 26 41 53 56 57 59 60 61 64 65 66 67 69 71 72 74 77 79 80 81 82 84 85 87 88 91 92 94 97 99 100 105 113 115 124 126 142 144 148 153 154 156 159 161 170 173 179 180 181 182 188 189 192 289 291 302 306 311 314 315 317 327 329 330 355] 67 fisiere
respect:[2 4 5 6 12 13 16 17 24 32 33 34 35 40 41 42 46 47 49 55 56 58 72 96 103 104 105 111 112 115 116 117 118 119 122 126 128 129 135 136 141 143 152 157 159 167 171 172 177 178 182 183 273 290 294 302 303 309 315 316 317 325 327 330 341] 65 fisiere
ring:[12 30 46 48 59 60 61 62 63 64 65 66 67 68 69 70 71 72 73 74 75 76 77 78 80 82 83 84 85 86 87 88 91 92 93 94 95 96 98 99 101 102 107 108 112 114 119 120 126 128 135 139 140 155 170 178 189 190 191 303 305 330 337 355] 64 fisiere
remain:[7 9 10 12 36 45 46 48 51 68 70 72 73 74 76 77 78 80 81 82 85 90 91 96 104 106 107 114 115 117 120 124 125 128 132 133 140 142 158 172 174 181 186 189 190 192 193 291 295 306 315 319 323 325 328 329 330 335 338 339 347 353 355] 63 fisiere
rolled:[59 64 65 66 67 68 69 72 74 75 76 78 79 82 83 86 87 88 91 92 93 97 98 99 101 112 137 142 143 144 145 146 152 157 162 166 168 172 190 274 276 282 284 285 289 295 301 303 311 312 313 315 318 325 327 331 335 341 342 346 348 350 355] 63 fisiere
regard:[4 6 8 15 16 17 18 19 20 21 22 23 24 25 26 32 33 34 36 38 41 42 43 46 47 49 52 53 55 57 63 100 102 104 107 116 117 122 123 128 134 135 136 137 152 171 175 176 179 181 183 184 302 316 321 326 327 329 330 337 338] 61 fisiere
rushed:[54 64 69 70 86 87 90 91 92 100 101 103 106 107 108 109 110 111 114 115 116 120 121 125 126 128 129 130 131 132 133 136 137 139 140 142 146 147 150 151 165 166 167 179 187 188 189 273 286 308 311 313 315 317 325 355] 56 fisiere
remembered:[34 35 39 41 47 55 59 61 65 66 67 70 71 73 74 83 91 95 98 100 101 102 106 107 108 109 110 111 114 116 117 118 119 122 124 127 128 131 133 134 138 140 147 168 175 177 184 191 193 273 276 293 325 338 350] 55 fisiere
reach:[12 28 31 39 41 61 62 69 70 72 74 76 79 81 82 83 84 87 89 91 92 93 94 96 100 101 109 114 118 139 144 148 162 163 167 168 172 179 180 184 186 189 190 282 298 303 304 306 314 317 325 330 337 355] 54 fisiere
resolved:[10 11 12 14 16 17 19 23 24 33 34 37 40 41 42 43 47 49 52 53 56 78 107 111 123 124 131 134 136 140 142 147 148 154 162 168 176 179 184 188 189 191 193 276 277 287 292 293 311 315 327 330 337] 53 fisiere
roused:[12 32 41 43 49 57 67 68 69 74 75 79 82 84 85 87 89 93 98 101 106 107 109 110 114 118 123 125 127 130 131 138 143 146 148 149 151 152 156 162 165 166 168 171 173 178 184 187 190 192 274 355] 52 fisiere
removed:[5 9 11 14 33 40 42 43 44 51 52 55 57 58 59 66 76 79 82 84 85 96 97 114 120 121 128 140 142 143 153 154 159 160 165 173 178 183 188 193 281 283 294 306 325 335 341 343 345 355] 50 fisiere
river:[41 43 59 60 61 62 63 64 65 67 69 70 71 72 73 76 77 78 79 80 81 82 83 84 85 86 87 88 89 91 92 94 95 96 98 138 140 153 161 178 180 186 189 190 274 327 330 331 338] 49 fisiere
rate:[15 33 35 39 47 59 60 61 63 64 67 68 69 71 74 78 83 84 88 89 92 93 94 98 99 101 112 130 140 156 159 161 178 179 276 290 302 306 315 321 323 325 327 330 338 339 350 355] 48 fisiere
receive:[7 9 10 12 17 20 24 27 30 31 32 33 38 47 48 49 55 58 64 72 85 86 91 95 103 104 114 117 122 123 133 140 151 174 181 182 191 193 282 289 298 309 315 325 351 355] 46 fisiere
regular:[17 24 27 59 101 104 107 110 111 114 116 122 126 134 136 140 142 143 145 146 152 157 182 183 185 273 281 290 291 298 302 303 308 309 311 312 315 321 323 325 329 337 341 344 355] 45 fisiere
raising:[30 46 50 66 69 86 99 101 103 108 110 114 115 120 125 131 133 134 138 140 142 143 144 147 151 152 155 156 157 158 160 166 173 178 179 183 184 187 191 273 318 325 337 341] 44 fisiere
rich:[5 6 14 16 17 20 31 49 56 58 59 60 69 71 72 76 79 87 105 107 113 115 118 122 123 128 135 138 146 153 159 164 172 174 183 189 191 284 321 330 331 333 337 341] 44 fisiere
reading:[8 11 16 28 33 43 48 54 55 56 68 75 105 109 114 118 122 125 126 128 134 138 139 140 143 150 151 154 156 158 160 182 186 187 189 193 280 282 289 302 306 338 355] 43 fisiere
rejoined:[43 144 145 154 155 156 157 158 159 160 161 162 163 164 165 166 167 168 169 170 171 172 173 174 175 176 177 178 179 180 181 182 183 184 185 186 187 188 189 192 294 331] 42 fisiere
rain:[7 15 59 60 62 63 64 65 66 69 70 76 77 79 82 83 84 86 87 92 96 104 109 137 138 139 145 158 159 160 162 168 177 178 185 303 306 312 313 329] 40 fisiere
raskolnikov:[102 103 104 105 106 107 108 109 110 111 112 113 114 115 116 117 118 119 120 121 122 123 124 125 126 127 128 129 130 131 132 133 134 135 136 137 138 139 140 141] 40 fisiere
rock:[65 69 70 72 74 75 79 82 84 85 87 88 89 90 91 92 93 94 95 96 97 99 100 101 108 114 134 273 302 309 315 316 318 325 326 327 329 330 346] 39 fisiere
receiving:[14 15 16 22 23 27 33 34 36 41 43 47 49 51 55 57 103 120 126 138 140 147 166 177 179 186 193 274 282 289 302 303 309 320 325 331 352 355] 38 fisiere
relieved:[14 16 20 21 42 50 56 59 63 64 65 67 68 74 115 117 119 124 145 148 161 163 166 175 177 179 183 184 192 292 299 302 311 315 325 327 348 355] 38 fisiere
returning:[8 19 22 24 30 33 39 41 52 60 71 73 76 78 86 88 91 92 93 98 100 107 129 138 139 144 168 177 184 186 280 283 290 311 315 328 338 341] 38 fisiere
rapid:[6 21 48 63 68 102 105 114 115 118 119 125 130 132 140 148 150 156 157 161 162 168 171 173 176 180 186 187 290 302 311 318 325 327 328 330 355] 37 fisiere
refuse:[8 18 19 24 47 53 54 56 59 72 74 78 82 86 104 105 113 114 116 122 125 128 130 135 137 139 143 151 174 178 184 190 279 280 298 306 310] 37 fisiere
relief:[8 16 19 29 35 43 46 49 50 52 55 58 59 62 64 68 76 91 92 106 107 109 131 140 155 156 163 186 188 189 192 282 283 302 335 354] 36 fisiere
request:[6 10 12 13 18 29 47 48 53 78 84 96 109 111 115 116 117 118 120 123 125 134 140 151 153 157 160 173 179 181 183 193 289 302 341 355] 36 fisiere
rolling:[66 70 71 75 78 79 87 91 98 114 126 156 168 178 183 188 191 273 281 299 303 311 312 315 318 322 325 327 333 336 341 345 348 350 354 355] 36 fisiere
regret:[18 19 22 24 34 35 38 39 40 41 42 43 44 49 54 59 62 77 85 86 88 100 105 113 116 117 120 134 136 137 138 142 145 169 183] 35 fisiere
remarkable:[12 24 27 36 40 41 59 65 71 84 105 120 125 147 154 155 165 167 168 171 175 177 178 297 303 306 309 314 315 316 329 330 335 336 341] 35 fisiere
remote:[59 60 65 66 71 78 79 80 91 93 94 97 98 99 100 101 103 105 133 148 153 166 172 191 274 293 308 310 313 315 338 339 343 345 355] 35 fisiere
report:[3 13 21 36 42 50 53 54 69 74 77 79 83 84 85 88 91 97 100 101 114 116 117 124 143 154 168 171 273 289 302 306 331 341 349] 35 fisiere
rage:[39 47 88 90 99 100 101 104 105 106 107 110 111 116 120 135 144 146 151 156 162 166 172 174 187 188 192 276 289 301 306 309 337 341] 34 fisiere
remaining:[12 16 39 49 52 53 55 69 80 81 89 100 101 110 119 131 140 145 147 155 160 170 181 188 191 193 288 289 315 325 327 338 350 355] 34 fisiere
remains:[9 16 17 26 69 70 72 74 75 77 79 82 89 90 91 113 131 136 181 190 191 193 295 298 302 306 321 323 325 327 336 339 348 349] 34 fisiere
ruin:[22 38 44 45 53 71 72 77 80 86 87 88 89 91 96 100 101 102 104 107 115 118 119 124 131 132 133 178 187 189 273 290 343 355] 34 fisiere
reflection:[14 22 32 35 44 50 56 61 71 102 105 109 117 124 136 142 144 152 157 159 160 166 172 174 177 188 193 318 326 327 330 350] 32 fisiere
respectable:[4 7 14 15 16 17 22 26 33 41 45 53 56 59 103 104 105 109 111 124 129 151 153 155 166 179 185 190 191 193 273 297] 32 fisiere
rings:[11 60 61 63 65 66 71 72 73 74 75 76 77 86 88 89 96 97 100 109 114 118 119 149 162 171 282 303 325 341 352 355] 32 fisiere
razumihin:[104 105 106 108 109 110 111 112 113 114 115 116 117 118 119 120 121 122 123 124 126 131 132 133 134 135 137 138 139 140 142] 31 fisiere
reasons:[17 48 71 82 86 89 90 104 108 117 122 135 136 140 141 150 157 175 181 186 191 286 302 303 306 309 310 315 325 329 343] 31 fisiere
recent:[7 10 13 41 56 66 69 74 98 103 109 110 114 125 127 128 133 140 142 145 151 152 155 165 172 175 184 189 191 330 355] 31 fisiere
regarded:[18 21 50 63 67 72 114 122 124 128 136 144 152 156 246 280 289 297 302 306 308 312 316 321 323 325 326 327 331 341 351] 31 fisiere
risk:[17 19 40 44 62 63 71 72 74 76 78 83 84 86 92 95 103 106 114 130 136 137 140 180 182 188 190 275 303 315 330] 31 fisiere
roof:[62 63 64 65 66 67 73 74 75 76 77 84 87 88 91 92 96 99 100 101 102 148 156 178 179 180 190 191 192 325 327] 31 fisiere
rooms:[27 36 41 53 61 68 97 102 103 109 110 113 114 115 116 119 120 124 125 126 130 131 135 137 145 158 167 189 190 288 290] 31 fisiere
rope:[73 74 76 78 92 93 100 156 178 190 192 273 281 286 289 295 299 302 315 318 322 325 327 328 330 335 336 344 348 354 355] 31 fisiere
race:[38 60 72 74 75 76 82 83 88 95 97 100 103 138 140 176 302 305 306 308 311 313 315 325 327 333 341 342 352 355] 30 fisiere
readily:[7 9 12 16 21 33 39 40 42 43 48 49 50 154 166 168 171 181 299 302 305 309 318 320 321 325 331 336 341 348] 30 fisiere
related:[3 13 14 15 20 30 32 33 34 38 41 44 45 54 59 67 104 147 151 153 158 177 181 182 275 306 310 321 336 337] 30 fisiere
rendered:[6 11 14 23 27 43 45 48 52 57 117 141 142 146 147 150 153 154 155 158 161 163 167 171 175 176 177 183 184 338] 30 fisiere
resumed:[114 119 143 145 154 157 158 159 160 162 164 165 166 168 171 172 174 177 178 179 182 184 188 189 191 192 288 303 315 325] 30 fisiere
ride:[10 51 57 61 62 63 66 67 69 70 71 72 79 80 82 84 85 86 87 88 89 90 91 94 95 96 171 297 305 333] 30 fisiere
rushing:[64 70 79 89 91 93 96 97 115 118 121 126 127 129 132 150 156 175 178 289 290 292 296 299 311 330 335 337 346 355] 30 fisiere
reaching:[41 42 43 64 66 70 82 92 103 104 106 113 121 131 132 140 146 155 193 274 275 278 279 302 303 309 311 318 355] 29 fisiere
remark:[7 16 42 59 67 71 75 83 120 121 123 137 143 144 153 154 158 159 163 165 174 175 177 181 182 308 325 329 341] 29 fisiere
required:[7 8 9 12 19 20 24 32 33 46 49 59 72 96 97 129 133 140 145 151 155 159 178 179 182 185 277 302 355] 29 fisiere
revealed:[33 43 71 72 74 87 91 93 94 95 101 116 289 306 308 310 312 315 317 325 326 327 333 335 337 348 349 354 355] 29 fisiere
rid:[10 13 38 49 58 60 69 73 80 92 94 97 109 110 111 114 122 124 125 127 131 135 137 143 179 182 289 325 330] 29 fisiere
rocks:[25 65 69 70 72 74 79 80 82 84 88 92 93 95 96 97 99 279 281 303 306 309 316 323 324 332 339 346 353] 29 fisiere
rough:[41 60 64 68 69 74 76 79 80 82 84 85 92 96 140 142 143 145 148 154 160 161 166 169 179 273 311 312 315] 29 fisiere
rapidly:[10 12 64 79 101 109 110 114 119 121 125 173 174 175 178 179 188 292 303 311 315 321 325 330 331 333 350 355] 28 fisiere
rear:[67 74 75 76 83 101 145 148 168 177 178 188 190 274 281 282 294 295 302 303 311 313 315 327 330 335 337 341] 28 fisiere
reckoning:[71 72 73 79 89 95 96 100 102 104 105 106 121 122 123 126 127 128 130 134 135 142 188 302 323 330 338 349] 28 fisiere
relations:[8 9 12 14 16 19 23 29 33 34 41 42 43 45 55 56 58 59 61 103 111 117 123 140 145 175 189 354] 28 fisiere
resting:[59 65 79 81 82 83 92 93 95 98 103 107 152 163 165 182 192 282 290 303 315 318 321 327 337 344 345 355] 28 fisiere
riders:[60 61 62 63 65 66 67 68 69 70 71 72 73 82 83 84 85 86 87 88 89 90 91 92 94 95 97 99] 28 fisiere
rise:[33 56 64 69 70 71 73 79 96 107 109 125 148 173 190 290 302 303 306 321 325 326 330 336 339 341 342 355] 28 fisiere
rush:[68 75 79 82 86 88 93 97 100 118 126 132 133 134 140 156 190 282 287 289 290 304 315 317 325 327 330 355] 28 fisiere
raise:[70 83 105 107 108 114 117 118 120 125 129 143 149 150 164 168 169 185 273 282 315 318 323 329 348 354 355] 27 fisiere
rang:[18 69 71 72 74 75 83 87 88 90 95 100 102 107 108 114 117 119 122 125 126 137 157 177 187 192 295] 27 fisiere
rested:[47 60 70 76 79 82 85 88 93 95 98 104 106 115 122 127 128 131 140 147 157 162 167 168 177 281 316] 27 fisiere
roubles:[102 103 104 105 107 109 110 111 112 113 114 115 117 119 120 122 123 124 128 129 130 131 132 134 136 138 140] 27 fisiere
raskolnikovs:[102 104 108 109 111 113 114 115 116 117 118 119 120 121 124 125 126 127 130 133 134 135 137 139 140 142] 26 fisiere
recovered:[9 10 12 27 40 43 71 92 108 109 114 115 117 146 149 151 163 172 173 175 179 182 193 325 330 333] 26 fisiere
roared:[73 75 79 80 87 89 93 114 116 120 126 129 152 156 182 190 286 289 295 301 311 315 331 333 337 348] 26 fisiere
reasonable:[25 39 40 49 50 52 53 55 56 57 94 140 166 177 181 191 193 298 306 308 315 325 327 329 355] 25 fisiere
recollection:[11 23 26 33 34 35 39 41 42 55 103 108 111 117 130 142 145 158 159 173 175 181 186 303 312] 25 fisiere
reminded:[9 11 24 29 30 36 61 77 79 89 92 95 96 116 124 125 137 138 154 174 191 273 283 316 321] 25 fisiere
repeat:[22 44 45 55 57 59 68 71 77 103 115 122 123 126 128 130 134 141 142 175 180 186 189 191 315] 25 fisiere
ringing:[67 70 71 75 82 83 84 85 87 88 95 107 108 110 114 126 140 161 162 181 188 299 342 343 344] 25 fisiere
row:[59 61 77 87 91 93 95 96 102 114 129 145 148 149 156 162 164 192 298 301 305 315 321 325 327] 25 fisiere
recall:[13 14 60 66 72 74 82 94 99 102 111 121 127 128 130 134 151 170 192 193 306 309 330 352] 24 fisiere
reckon:[17 59 66 69 77 79 82 89 93 96 101 104 106 114 121 122 123 126 134 135 140 188 302 303] 24 fisiere
resolution:[7 10 22 24 35 43 49 50 51 53 54 55 57 100 118 124 128 134 175 187 188 318 321 325] 24 fisiere
recalled:[34 43 61 66 70 72 103 106 110 114 121 130 131 133 138 139 174 192 306 311 321 341 350] 23 fisiere
recognised:[103 104 110 112 114 115 121 132 133 134 135 140 149 153 168 174 185 188 302 306 316 330 332] 23 fisiere
relation:[7 16 27 29 34 44 45 49 53 54 55 104 111 112 114 117 119 122 123 128 157 310 318] 23 fisiere
result:[10 11 12 18 42 69 92 115 128 141 142 144 155 165 171 175 179 189 193 302 321 330 350] 23 fisiere
retired:[8 40 52 59 82 102 103 115 129 136 150 155 159 172 174 179 189 193 289 303 315 331 338] 23 fisiere
reward:[68 73 74 78 79 85 86 88 96 99 100 126 128 142 157 170 181 189 191 289 310 321 350] 23 fisiere
ridiculous:[3 11 54 59 60 67 68 115 116 120 123 126 131 133 134 136 137 172 283 290 297 303 323] 23 fisiere
rode:[2 14 62 63 64 66 67 69 70 71 72 73 82 84 85 86 87 88 89 91 92 96 99] 23 fisiere
roots:[59 63 64 68 69 70 72 73 74 76 78 84 85 87 88 91 94 95 98 136 315 341 354] 23 fisiere
rank:[4 5 12 13 16 17 27 30 87 88 97 98 99 103 104 107 129 137 140 167 191 337] 22 fisiere
reflections:[5 6 16 20 22 33 34 49 130 149 153 155 157 158 159 173 174 181 191 278 288 309] 22 fisiere
refused:[18 23 49 50 51 55 59 62 66 77 78 82 96 99 105 124 128 140 184 315 325 355] 22 fisiere
reported:[64 71 72 73 76 82 83 86 87 88 89 95 101 133 140 142 159 193 276 306 311 355] 22 fisiere
riding:[13 61 62 63 64 66 67 71 74 76 77 82 83 86 87 88 90 91 93 95 96 325] 22 fisiere
rigging:[274 293 294 302 303 305 313 314 315 321 325 334 335 336 342 345 348 350 351 352 354 355] 22 fisiere
rule:[10 16 59 60 67 68 71 73 86 92 101 107 122 124 126 142 163 178 298 302 311 341] 22 fisiere
recollected:[19 20 23 28 41 42 43 48 49 54 56 108 109 116 119 120 127 146 148 158 182] 21 fisiere
rodion:[105 113 114 115 116 120 122 123 124 126 127 129 130 132 133 134 135 136 137 138 140] 21 fisiere
roll:[61 76 85 90 114 140 154 273 282 293 303 308 311 315 325 327 338 345 347 352 355] 21 fisiere
rags:[66 85 102 103 104 105 106 107 108 109 111 115 117 121 129 137 145 154 336 348] 20 fisiere
reference:[42 53 133 140 145 154 158 163 183 189 191 273 282 302 306 315 318 325 327 341] 20 fisiere
reflected:[33 34 43 74 77 102 103 107 120 125 127 128 134 135 136 138 156 161 329 355] 20 fisiere
remembering:[32 34 60 65 70 74 76 88 89 94 102 103 117 124 125 127 130 140 166 276] 20 fisiere
retorted:[59 60 109 129 145 155 156 157 159 167 168 170 171 175 178 179 182 183 184 190] 20 fisiere
rivendell:[61 63 68 69 70 71 72 73 74 76 77 80 82 83 84 85 91 95 96 101] 20 fisiere
rodya:[104 105 109 111 112 113 114 115 116 117 118 119 120 121 123 124 133 139 140 142] 20 fisiere
rubbed:[61 66 74 79 82 89 93 106 108 109 128 146 149 155 158 187 188 291 294 341] 20 fisiere
runs:[45 63 67 69 70 74 76 79 81 84 87 88 89 94 282 315 325 337 348 355] 20 fisiere
readiness:[12 13 28 86 87 104 115 126 137 142 158 160 174 191 298 317 325 331 341] 19 fisiere
recovery:[10 32 44 71 91 109 110 111 113 114 116 118 154 156 158 173 299 320 330] 19 fisiere
regarding:[14 66 96 143 153 156 157 158 166 168 169 182 187 190 277 306 315 325 348] 19 fisiere
regularly:[26 118 128 150 173 182 283 299 302 303 315 318 325 333 338 341 350 351 355] 19 fisiere
remarks:[9 21 29 41 50 59 62 104 128 129 140 147 165 174 176 182 193 290 327] 19 fisiere
renewed:[19 34 41 42 43 68 72 77 82 87 90 123 133 134 140 166 175 192 330] 19 fisiere
resist:[16 24 48 60 63 70 71 91 96 103 109 111 117 120 126 137 138 190 318] 19 fisiere
respects:[16 22 28 36 52 116 128 139 140 174 190 276 309 310 316 317 327 331 339] 19 fisiere
risen:[5 69 70 74 77 82 84 88 95 100 117 131 140 159 168 181 315 327 351] 19 fisiere
rohan:[72 73 74 76 78 79 80 82 83 84 85 86 87 88 89 90 91 92 96] 19 fisiere
romanovitch:[105 113 114 117 120 122 123 126 127 129 130 132 133 134 135 136 137 138 140] 19 fisiere
rare:[67 69 94 134 138 164 168 172 273 276 278 289 315 321 323 331 333 338] 18 fisiere
reader:[6 8 13 141 147 152 153 157 167 169 177 178 179 183 325 330 338 339] 18 fisiere
recollect:[16 25 30 33 43 49 69 107 115 119 120 127 144 160 171 178 180 276] 18 fisiere
render:[5 20 34 69 86 146 147 156 159 176 178 179 182 192 276 339 348 355] 18 fisiere
rosings:[12 14 16 24 26 27 28 29 30 31 32 33 35 36 39 41 42 54] 18 fisiere
rubbing:[76 92 93 99 108 138 139 153 156 159 166 179 182 183 277 303 327 328] 18 fisiere
realised:[106 107 108 110 116 120 124 125 126 128 132 136 139 175 181 186 189] 17 fisiere
recover:[33 43 51 56 99 108 131 152 166 173 179 184 186 189 191 308 330] 17 fisiere
recovering:[9 16 31 41 44 91 101 103 111 113 127 154 159 174 175 182 189] 17 fisiere
reduced:[32 48 49 90 107 129 132 133 144 145 152 172 179 190 193 315 337] 17 fisiere
remainder:[4 61 66 75 88 93 144 159 166 170 174 175 178 193 326 331 341] 17 fisiere
remarked:[44 107 116 117 145 156 160 163 167 169 170 171 178 179 183 185 323] 17 fisiere
reputation:[14 44 58 59 64 68 104 123 140 157 169 179 183 279 281 289 302] 17 fisiere
reserved:[4 35 36 43 44 56 117 140 145 160 302 315 331 333 345 352 355] 17 fisiere
restless:[39 59 61 70 77 86 87 91 98 103 109 110 159 186 273 276 282] 17 fisiere
ridge:[41 62 63 66 69 70 73 79 82 87 89 92 99 100 276 302 306] 17 fisiere
roads:[24 64 66 67 68 69 71 72 74 76 88 91 93 95 96 101 188] 17 fisiere
refuge:[46 73 76 77 83 87 89 96 97 98 184 190 282 327 340 343] 16 fisiere
relaxed:[85 91 92 100 142 156 157 161 166 178 179 187 302 318 325 341] 16 fisiere
rider:[61 62 63 70 82 84 85 86 87 88 89 91 92 99 311 316] 16 fisiere
roar:[59 67 74 79 87 92 106 140 161 165 188 190 306 311 345 349] 16 fisiere
rouse:[59 84 85 93 97 109 128 136 137 147 160 162 165 177 187 192] 16 fisiere
royal:[273 297 298 302 305 306 318 326 327 330 331 333 338 348 354 355] 16 fisiere
ragged:[62 71 92 93 103 109 111 117 138 145 189 190 276 292 299] 15 fisiere
reckoned:[12 67 69 71 78 83 85 108 117 118 122 125 130 142 291] 15 fisiere
relish:[62 78 106 107 111 116 121 124 144 167 168 302 321 331 333] 15 fisiere
repose:[44 158 161 165 182 299 306 307 313 315 317 318 327 345 355] 15 fisiere
resolutely:[43 53 84 102 103 105 114 115 126 132 133 138 140 327 341] 15 fisiere
retained:[33 58 116 119 162 175 298 302 310 311 315 325 330 343 355] 15 fisiere
rim:[61 63 65 66 69 74 76 82 84 88 92 95 108 304 330] 15 fisiere
roaring:[70 71 76 81 87 92 101 138 150 273 282 293 305 330 337] 15 fisiere
romanovna:[105 116 117 118 119 122 123 124 130 132 133 135 136 137 140] 15 fisiere
ropes:[59 76 78 87 88 92 311 315 318 325 327 348 349 354 355] 15 fisiere
roughly:[70 83 99 102 103 109 121 125 140 150 156 179 184 186 286] 15 fisiere
rude:[21 50 97 104 105 120 126 128 130 140 159 172 276 323 341] 15 fisiere
ruined:[31 33 60 69 74 76 80 86 87 88 89 91 97 98 167] 15 fisiere
rapidity:[10 16 29 115 118 123 126 149 152 160 171 179 190 299] 14 fisiere
razumihins:[106 110 111 115 116 117 118 119 120 121 123 126 138 142] 14 fisiere
reality:[103 106 107 129 135 138 156 174 191 273 299 306 308 339] 14 fisiere
recollections:[14 35 41 43 55 133 140 151 152 163 174 175 189 191] 14 fisiere
recommended:[7 9 13 14 27 33 39 67 138 154 171 182 288 341] 14 fisiere
reflecting:[21 97 99 103 105 108 109 113 120 131 140 151 166 172] 14 fisiere
refusing:[17 18 26 32 33 38 53 91 96 97 116 125 151 289] 14 fisiere
relate:[10 18 23 27 33 38 44 50 53 55 151 154 193 276] 14 fisiere
relationship:[14 17 20 33 41 45 46 47 48 49 52 104 123 174] 14 fisiere
remarkably:[5 8 10 14 16 43 51 52 71 107 116 149 179 335] 14 fisiere
reproach:[17 18 20 22 34 55 113 125 131 136 137 175 191 325] 14 fisiere
resentment:[11 16 19 21 22 32 33 41 47 50 53 58 309 315] 14 fisiere
resistance:[6 58 60 69 100 111 116 155 156 168 303 330 350 355] 14 fisiere
restrain:[35 42 114 120 122 126 127 129 134 135 140 191 298 315] 14 fisiere
retreated:[42 68 74 75 81 87 126 127 179 188 291 299 330 339] 14 fisiere
riddles:[59 62 74 80 81 82 85 89 91 96 97 130 299 326] 14 fisiere
rightly:[40 53 59 60 62 67 75 82 84 89 145 147 299 302] 14 fisiere
rolls:[96 140 149 273 278 302 303 305 315 316 322 327 339 342] 14 fisiere
rays:[74 77 78 83 84 88 97 114 177 274 315 350 355] 13 fisiere
realm:[69 71 72 74 76 78 79 80 82 91 94 96 97] 13 fisiere
recognise:[111 114 117 119 120 121 126 127 155 183 191 309 325] 13 fisiere
reflect:[16 20 33 45 47 108 121 130 134 173 174 181 186] 13 fisiere
regiment:[7 12 37 39 40 44 45 47 48 49 50 73 109] 13 fisiere
relative:[25 38 59 109 121 130 132 134 178 182 185 327 339] 13 fisiere
reluctantly:[64 69 71 88 92 98 99 104 105 116 118 131 349] 13 fisiere
remind:[24 43 67 86 96 102 122 132 168 175 191 193 339] 13 fisiere
require:[21 28 53 72 140 177 180 189 193 315 325 348 355] 13 fisiere
resemblance:[27 36 39 41 42 152 158 172 183 189 276 325 327] 13 fisiere
retain:[58 103 116 129 189 190 289 302 309 320 322 323 330] 13 fisiere
revenge:[15 33 60 72 122 130 155 156 184 187 306 309 315] 13 fisiere
ripe:[60 61 64 65 67 85 89 305 315 316 331 333 355] 13 fisiere
robbery:[112 113 151 153 159 162 168 169 171 172 174 180 189] 13 fisiere
rocky:[69 70 72 76 79 93 94 95 99 298 306 350 351] 13 fisiere
roman:[144 282 289 297 302 306 309 315 325 330 331 341 351] 13 fisiere
root:[64 69 70 76 84 85 93 135 189 273 274 306 330] 13 fisiere
rows:[67 93 96 97 275 295 313 315 321 325 333 353 355] 13 fisiere
russian:[113 116 122 125 126 129 130 134 139 140 309 327 330] 13 fisiere
rail:[12 75 76 90 97 114 192 311 313 331 354 355] 12 fisiere
ranger:[68 69 70 72 73 79 80 81 82 83 85 89] 12 fisiere
recently:[69 130 153 159 170 174 191 288 303 309 327 339] 12 fisiere
reception:[16 20 21 23 37 43 48 55 67 136 159 288] 12 fisiere
referred:[34 128 130 148 160 162 173 183 306 315 318 325] 12 fisiere
refreshed:[61 65 67 69 71 72 76 77 93 104 182 188] 12 fisiere
region:[67 70 71 78 79 82 167 273 274 315 339 343] 12 fisiere
repeatedly:[10 12 15 16 24 29 34 49 103 274 330 350] 12 fisiere
repeating:[9 36 38 41 43 54 59 112 115 118 166 315] 12 fisiere
resolve:[9 53 66 72 81 86 101 160 179 181 308 317] 12 fisiere
respected:[17 39 42 103 104 105 115 128 129 154 171 337] 12 fisiere
respectful:[12 117 129 135 138 142 152 154 169 173 331 341] 12 fisiere
resuming:[41 117 144 149 167 187 308 315 321 337 341 355] 12 fisiere
retreating:[33 87 109 111 154 159 162 185 186 190 283 315] 12 fisiere
reveal:[67 72 73 77 93 96 136 184 298 330 352 355] 12 fisiere
rights:[77 123 142 150 169 171 302 309 327 330 339 348] 12 fisiere
rob:[40 49 113 120 131 137 168 171 172 181 183 289] 12 fisiere
robber:[140 155 156 159 160 168 171 179 184 187 188 190] 12 fisiere
rooted:[65 74 75 77 108 113 120 125 311 315 348 355] 12 fisiere
rustle:[65 76 80 82 98 107 108 122 136 137 173 307] 12 fisiere
rational:[11 17 45 46 47 54 107 128 133 134 158] 11 fisiere
rattling:[70 84 150 173 182 190 192 273 321 338 348] 11 fisiere
reared:[67 70 73 74 86 87 88 92 94 145 191] 11 fisiere
redoubled:[70 83 87 103 106 114 123 128 174 330 348] 11 fisiere
rejoiced:[16 35 36 37 40 41 43 54 73 84 116] 11 fisiere
reluctant:[24 54 59 61 62 64 76 93 99 101 138] 11 fisiere
remove:[9 45 90 121 140 144 193 302 315 334 355] 11 fisiere
removing:[44 57 129 167 178 188 193 276 334 335 354] 11 fisiere
repaired:[7 44 51 87 94 172 173 175 189 191 315] 11 fisiere
represented:[13 19 27 34 39 41 50 157 183 315 327] 11 fisiere
residence:[5 12 40 45 59 153 160 166 178 189 190] 11 fisiere
restrained:[21 72 80 92 93 99 122 136 138 181 311] 11 fisiere
returns:[19 59 75 82 90 96 140 154 329 336 355] 11 fisiere
ribs:[106 115 273 282 302 329 330 331 338 339 354] 11 fisiere
riddle:[72 81 82 85 88 89 133 187 341 348 355] 11 fisiere
rises:[29 63 72 76 87 302 305 322 327 329 348] 11 fisiere
robbed:[112 115 137 140 151 164 171 178 191 282 343] 11 fisiere
robbers:[70 87 89 146 162 168 170 179 180 188 273] 11 fisiere
robes:[69 71 73 78 86 95 140 282 298 306 315] 11 fisiere
romantic:[20 103 113 114 136 274 303 310 315 331 336] 11 fisiere
rouble:[102 103 107 110 111 112 119 121 128 131 132] 11 fisiere
rudely:[98 104 111 117 120 122 129 166 168 276 299] 11 fisiere
ruins:[69 70 74 89 91 95 98 124 188 275 306] 11 fisiere
rules:[60 71 120 126 140 144 193 283 303 311 355] 11 fisiere
rumour:[59 61 65 74 82 87 88 95 97 143 171] 11 fisiere
r:[14 16 34 63 85 89 104 109 142 166] 10 fisiere
rag:[83 102 106 107 108 111 130 163 273 292] 10 fisiere
range:[8 41 72 73 83 94 99 118 124 168] 10 fisiere
ranks:[75 79 85 95 99 126 140 302 330 339] 10 fisiere
rascal:[68 134 143 144 155 276 315 325 327 337] 10 fisiere
realise:[102 103 108 115 118 122 124 128 130 134] 10 fisiere
realized:[40 59 60 62 69 77 93 94 98 101] 10 fisiere
reappeared:[60 64 66 67 72 80 165 182 315 325] 10 fisiere
reasoning:[54 106 107 108 110 158 303 309 329 349] 10 fisiere
recalling:[72 75 84 107 109 113 124 133 173 186] 10 fisiere
recommend:[1 8 16 25 27 29 32 38 130 177] 10 fisiere
released:[69 71 77 94 100 110 111 143 166 167] 10 fisiere
relieve:[16 21 79 115 133 167 173 180 302 331] 10 fisiere
reminds:[61 71 84 96 173 184 321 323 325 326] 10 fisiere
remotest:[171 275 280 289 297 302 306 312 313 339] 10 fisiere
replaced:[64 87 111 149 153 166 177 336 341 351] 10 fisiere
rescued:[69 83 85 140 160 172 189 191 327 333] 10 fisiere
reserve:[1 28 42 46 49 86 116 154 186 313] 10 fisiere
restore:[103 108 115 129 136 166 168 172 193 336] 10 fisiere
restored:[8 40 108 129 130 170 175 286 302 354] 10 fisiere
ringbearer:[71 72 73 77 78 80 81 99 100 101] 10 fisiere
rivers:[25 76 78 84 87 88 93 95 178 302] 10 fisiere
rot:[76 93 116 166 173 177 190 325 343 350] 10 fisiere
rousing:[64 74 107 138 150 159 161 178 189 355] 10 fisiere
rusty:[73 74 102 158 164 165 185 190 276 336] 10 fisiere
raiment:[69 70 71 82 86 88 95 314 355] 9 fisiere
rapture:[39 48 114 115 136 139 159 172 355] 9 fisiere
raving:[110 116 120 129 130 145 184 190 306] 9 fisiere
ray:[69 74 140 147 155 188 302 308 329] 9 fisiere
reeled:[87 100 101 142 309 325 330 341 355] 9 fisiere
refreshing:[11 43 60 70 91 107 111 173 333] 9 fisiere
refreshment:[16 26 28 41 53 86 165 182 188] 9 fisiere
refusal:[17 18 35 38 80 142 153 182 187] 9 fisiere
regions:[65 71 74 96 99 309 315 331 339] 9 fisiere
reigned:[111 130 166 280 302 313 325 343 350] 9 fisiere
rejoice:[30 32 33 39 43 46 128 135 330] 9 fisiere
renewal:[7 8 24 34 39 42 51 140 166] 9 fisiere
representing:[32 49 102 275 276 281 315 323 341] 9 fisiere
repugnance:[33 111 133 135 140 177 284 313 315] 9 fisiere
resolving:[13 17 21 34 38 48 49 171 293] 9 fisiere
restraint:[21 33 39 43 44 126 149 175 302] 9 fisiere
rhyme:[66 77 82 91 94 95 96 306 329] 9 fisiere
ridden:[72 73 82 83 86 87 88 89 327] 9 fisiere
ridges:[66 70 74 79 82 94 99 315 325] 9 fisiere
rigid:[91 138 164 179 181 186 191 306 350] 9 fisiere
rack:[102 113 298 303 311 341 349 355] 8 fisiere
ranged:[142 145 276 314 315 325 327 341] 8 fisiere
ranging:[176 295 303 311 315 318 327 355] 8 fisiere
ravine:[70 82 83 89 92 98 99 100] 8 fisiere
reasonably:[21 26 40 54 141 143 323 330] 8 fisiere
reassured:[116 117 124 126 128 166 168 182] 8 fisiere
receipt:[7 8 43 140 143 157 193 355] 8 fisiere
reckless:[61 87 134 140 142 325 330 355] 8 fisiere
recognition:[71 115 149 156 159 166 308 315] 8 fisiere
recollecting:[30 31 35 41 43 118 130 179] 8 fisiere
record:[75 146 183 282 306 309 315 321] 8 fisiere
refrain:[24 43 54 97 102 109 122 141] 8 fisiere
rejoicing:[10 26 56 57 101 142 327 345] 8 fisiere
reluctance:[58 71 72 112 121 168 175 189] 8 fisiere
removal:[9 19 34 37 47 57 61 193] 8 fisiere
rent:[69 95 100 103 124 125 143 190] 8 fisiere
repair:[88 90 144 158 159 189 309 355] 8 fisiere
repetition:[16 33 126 168 177 191 313 316] 8 fisiere
replying:[7 43 44 104 122 151 165 171] 8 fisiere
represent:[6 23 34 73 90 129 183 318] 8 fisiere
repulsive:[34 113 133 143 148 155 177 190] 8 fisiere
resigned:[18 24 33 39 54 163 289 321] 8 fisiere
resolute:[12 94 104 108 110 142 178 189] 8 fisiere
respectfully:[113 129 135 140 151 169 274 331] 8 fisiere
responded:[146 166 167 181 182 306 325 343] 8 fisiere
resurrection:[125 140 277 305 312 337 341 354] 8 fisiere
retreat:[72 119 126 183 191 299 315 325] 8 fisiere
revive:[16 60 103 143 164 174 303 350] 8 fisiere
rewarded:[16 24 32 60 90 96 171 177] 8 fisiere
rippling:[66 74 76 78 80 170 315 355] 8 fisiere
rival:[42 71 79 88 100 302 327 330] 8 fisiere
rocked:[160 184 188 276 287 308 343 355] 8 fisiere
rocking:[95 192 303 315 318 328 341 355] 8 fisiere
roomdoor:[158 159 162 163 179 181 184 185] 8 fisiere
rotten:[65 90 93 112 178 180 188 350] 8 fisiere
royalty:[87 96 140 193 300 302 331 355] 8 fisiere
rub:[141 152 163 165 182 186 188 274] 8 fisiere
ruinous:[88 91 95 156 161 178 190 330] 8 fisiere
rumours:[59 60 67 72 76 112 134 136] 8 fisiere
rustling:[64 79 88 89 96 160 188 355] 8 fisiere
raging:[80 95 140 188 282 315 338] 7 fisiere
railing:[66 110 111 114 137 190 350] 7 fisiere
rangers:[66 67 69 71 73 85 95] 7 fisiere
rash:[71 73 77 82 96 135 154] 7 fisiere
rats:[87 89 108 138 145 187 339] 7 fisiere
rattled:[82 93 148 152 161 168 190] 7 fisiere
rauros:[78 79 80 81 82 95 96] 7 fisiere
raw:[59 82 83 95 179 192 311] 7 fisiere
reaches:[71 74 79 94 95 97 350] 7 fisiere
recoiling:[154 160 173 178 180 181 186] 7 fisiere
recommendation:[2 14 17 43 111 181 182] 7 fisiere
recorded:[74 145 152 153 282 325 338] 7 fisiere
recounted:[72 77 81 103 171 331 351] 7 fisiere
recurring:[21 41 105 107 158 299 341] 7 fisiere
reeds:[60 64 65 69 79 93 96] 7 fisiere
rejected:[11 32 42 47 90 91 126] 7 fisiere
religious:[125 134 136 143 186 290 330] 7 fisiere
remonstrated:[151 152 159 163 179 191 330] 7 fisiere
remorseless:[100 274 316 330 339 345 355] 7 fisiere
repay:[87 115 116 122 128 130 140] 7 fisiere
repent:[35 77 140 149 173 187 282] 7 fisiere
replacing:[155 156 170 179 293 298 354] 7 fisiere
representation:[10 19 33 54 145 158 171] 7 fisiere
repulsion:[102 105 107 110 120 121 126] 7 fisiere
requested:[6 157 163 167 181 183 186] 7 fisiere
requiring:[11 12 27 43 133 298 337] 7 fisiere
research:[49 140 193 302 306 338 355] 7 fisiere
resisted:[14 67 70 85 136 148 290] 7 fisiere
respectability:[22 31 39 40 42 103 128] 7 fisiere
restaurant:[111 114 117 121 134 136 137] 7 fisiere
restlessly:[66 77 80 98 166 179 189] 7 fisiere
revealing:[36 93 100 286 325 345 355] 7 fisiere
reverence:[96 98 115 167 298 306 348] 7 fisiere
revolved:[88 99 294 327 330 349 350] 7 fisiere
revolving:[54 91 303 315 330 339 355] 7 fisiere
rib:[286 311 330 338 339 354 355] 7 fisiere
rig:[113 291 305 315 330 351 355] 7 fisiere
rohirrim:[72 79 82 86 87 88 96] 7 fisiere
roses:[138 157 174 176 279 306 329] 7 fisiere
rounded:[69 99 297 325 327 338 354] 7 fisiere
route:[40 43 147 153 188 309 330] 7 fisiere
rudeness:[3 10 103 104 122 129 277] 7 fisiere
rum:[128 129 145 158 179 337 348] 7 fisiere
rumbling:[66 87 98 99 101 282 355] 7 fisiere
rust:[86 166 188 289 314 325 355] 7 fisiere
rustled:[61 64 65 70 82 91 141] 7 fisiere
radiance:[74 100 101 103 281 347] 6 fisiere
radiant:[99 116 118 119 188 282] 6 fisiere
rallied:[25 35 87 330 341 355] 6 fisiere
random:[106 273 289 306 323 330] 6 fisiere
raptures:[4 10 22 27 39 56] 6 fisiere
rarely:[122 123 136 140 317 327] 6 fisiere
realising:[104 111 130 133 134 138] 6 fisiere
receding:[95 101 156 163 345 355] 6 fisiere
recesses:[75 88 154 163 181 186] 6 fisiere
recital:[32 34 36 147 166 189] 6 fisiere
recklessly:[123 279 311 315 319 355] 6 fisiere
reconciled:[20 55 123 124 136 289] 6 fisiere
refer:[59 96 136 308 309 338] 6 fisiere
referring:[75 119 137 169 282 283] 6 fisiere
regards:[104 105 107 186 329 345] 6 fisiere
regretting:[36 54 95 106 122 139] 6 fisiere
relates:[5 43 54 143 156 170] 6 fisiere
reliable:[126 298 302 311 321 355] 6 fisiere
relied:[41 123 128 130 186 289] 6 fisiere
remorse:[32 137 142 173 189 313] 6 fisiere
rendering:[24 85 156 186 325 337] 6 fisiere
rending:[74 83 87 99 101 306] 6 fisiere
replace:[140 151 177 193 354 355] 6 fisiere
replenished:[173 179 281 303 325 335] 6 fisiere
reports:[16 116 140 193 306 355] 6 fisiere
representations:[140 159 181 183 193 355] 6 fisiere
reproaches:[33 115 125 136 138 156] 6 fisiere
rescue:[34 88 103 180 325 355] 6 fisiere
resent:[12 18 39 55 118 341] 6 fisiere
resort:[66 107 183 309 339 351] 6 fisiere
respite:[60 72 87 289 315 318] 6 fisiere
response:[67 93 108 123 315 325] 6 fisiere
retire:[150 158 171 173 178 192] 6 fisiere
revenue:[122 140 193 273 331 355] 6 fisiere
revolting:[102 107 122 125 128 140] 6 fisiere
ribbed:[292 303 325 330 344 347] 6 fisiere
rides:[81 86 87 91 306 327] 6 fisiere
ridicule:[11 32 42 52 113 128] 6 fisiere
righteous:[120 125 139 306 325 327] 6 fisiere
ringed:[88 98 302 305 318 333] 6 fisiere
ringwraiths:[71 72 73 74 85 99] 6 fisiere
ripples:[64 74 79 97 302 318] 6 fisiere
riveted:[105 128 292 311 315 337] 6 fisiere
roadside:[68 71 76 98 148 315] 6 fisiere
rod:[86 91 324 344 348 350] 6 fisiere
rods:[89 325 330 341 344 348] 6 fisiere
rogue:[68 90 114 138 181 337] 6 fisiere
romanovnas:[116 117 119 122 133 136] 6 fisiere
rome:[189 191 287 306 332 354] 6 fisiere
roofs:[62 93 98 186 188 273] 6 fisiere
ruffian:[113 145 153 170 184 190] 6 fisiere
runes:[69 71 74 75 76 78] 6 fisiere
rushes:[64 65 69 171 273 303] 6 fisiere
railway:[104 117 122 142 355] 5 fisiere
rains:[67 79 92 315 350] 5 fisiere
rainy:[14 65 125 157 276] 5 fisiere
ram:[60 244 311 325 337] 5 fisiere
rascally:[68 111 152 172 330] 5 fisiere
rat:[83 89 178 179 302] 5 fisiere
reclining:[170 183 305 313 337] 5 fisiere
recognized:[42 59 309 331 352] 5 fisiere
records:[72 73 75 96 286] 5 fisiere
redeem:[102 119 120 145 184] 5 fisiere
reek:[80 88 90 93 100] 5 fisiere
reeling:[99 101 282 286 348] 5 fisiere
refined:[102 103 105 119 154] 5 fisiere
refrained:[43 137 330 352 354] 5 fisiere
regained:[127 132 166 188 325] 5 fisiere
regaining:[129 131 132 181 186] 5 fisiere
regardless:[3 33 102 179 330] 5 fisiere
regiments:[37 39 73 95 355] 5 fisiere
regrets:[14 38 56 175 183] 5 fisiere
regretted:[48 64 70 128 136] 5 fisiere
regulating:[140 165 193 274 355] 5 fisiere
relating:[24 27 33 43 56] 5 fisiere
relatives:[59 67 69 191 280] 5 fisiere
release:[16 98 101 160 187] 5 fisiere
religion:[140 289 290 311 327] 5 fisiere
remembrance:[38 46 55 173 306] 5 fisiere
remonstrance:[33 142 156 179 349] 5 fisiere
renowned:[62 71 151 152 315] 5 fisiere
repaid:[20 46 84 172 181] 5 fisiere
repentance:[26 140 142 181 282] 5 fisiere
repress:[39 120 156 160 173] 5 fisiere
reputed:[23 43 104 105 327] 5 fisiere
requires:[75 86 274 309 321] 5 fisiere
rescuing:[64 140 171 172 315] 5 fisiere
resembled:[116 164 299 325 338] 5 fisiere
resembling:[129 274 321 323 355] 5 fisiere
resided:[172 173 189 193 315] 5 fisiere
resorted:[136 156 169 183 186] 5 fisiere
respecting:[33 35 40 310 341] 5 fisiere
respective:[53 289 309 325 331] 5 fisiere
responsible:[59 129 130 159 289] 5 fisiere
resslich:[123 132 136 137 138] 5 fisiere
retiring:[111 151 189 289 302] 5 fisiere
reverend:[145 289 327 331 337] 5 fisiere
reverie:[6 138 165 292 303] 5 fisiere
review:[24 32 45 120 121] 5 fisiere
revived:[40 51 73 114 306] 5 fisiere
revulsion:[104 111 177 178 284] 5 fisiere
rigged:[325 337 352 354 355] 5 fisiere
rind:[64 79 86 322 325] 5 fisiere
rockwall:[65 70 79 84 85] 5 fisiere
rounding:[74 99 298 306 341] 5 fisiere
roving:[71 87 91 330 341] 5 fisiere
rowing:[311 318 319 325 336] 5 fisiere
rubbish:[90 102 110 138 139] 5 fisiere
rueful:[147 151 171 178 337] 5 fisiere
rupture:[104 122 123 124 130] 5 fisiere
raced:[75 81 101 330] 4 fisiere
rachel:[271 352 354 355] 4 fisiere
raged:[77 95 130 140] 4 fisiere
rainbow:[76 80 298 329] 4 fisiere
raises:[303 329 337 355] 4 fisiere
ramble:[31 49 174 188] 4 fisiere
rampart:[87 92 94 330] 4 fisiere
ranges:[79 91 94 323] 4 fisiere
rap:[152 153 333 336] 4 fisiere
rattle:[25 41 132 305] 4 fisiere
razor:[107 277 302 321] 4 fisiere
razors:[116 117 188 344] 4 fisiere
rearing:[282 311 315 339] 4 fisiere
rebel:[91 101 142 315] 4 fisiere
rebellious:[83 139 147 191] 4 fisiere
recede:[53 94 189 330] 4 fisiere
recklessness:[102 156 306 340] 4 fisiere
recognising:[114 115 126 179] 4 fisiere
recoil:[184 297 330 355] 4 fisiere
reddish:[103 109 162 321] 4 fisiere
redness:[99 167 306 335] 4 fisiere
reel:[10 279 285 350] 4 fisiere
regain:[40 69 109 190] 4 fisiere
regal:[298 299 302 306] 4 fisiere
regularity:[120 142 186 283] 4 fisiere
reign:[115 282 311 349] 4 fisiere
reject:[12 17 33 128] 4 fisiere
rejecting:[18 42 295 344] 4 fisiere
rejection:[17 42 77 352] 4 fisiere
relapsed:[93 115 123 177] 4 fisiere
reliance:[4 55 57 350] 4 fisiere
relieving:[83 144 152 303] 4 fisiere
relinquish:[24 303 325 330] 4 fisiere
rely:[43 103 107 191] 4 fisiere
remarking:[117 166 179 327] 4 fisiere
remembers:[65 68 115 132] 4 fisiere
reminder:[70 83 93 143] 4 fisiere
reminding:[25 105 128 276] 4 fisiere
remnants:[80 135 288 349] 4 fisiere
renew:[67 136 140 191] 4 fisiere
repel:[43 112 140 332] 4 fisiere
reporting:[45 116 310 311] 4 fisiere
reprehensible:[11 18 40 327] 4 fisiere
repressed:[32 39 183 330] 4 fisiere
reproached:[24 39 70 138] 4 fisiere
reproof:[10 39 55 123] 4 fisiere
reptile:[159 327 339 340] 4 fisiere
requesting:[18 43 159 165] 4 fisiere
resented:[10 14 24 129] 4 fisiere
resentful:[11 19 60 140] 4 fisiere
resides:[12 287 296 309] 4 fisiere
resounded:[138 161 168 315] 4 fisiere
resource:[40 142 147 186] 4 fisiere
respectively:[306 318 320 330] 4 fisiere
resslichs:[119 125 132 137] 4 fisiere
restful:[81 91 106 134] 4 fisiere
restlessness:[79 118 140 342] 4 fisiere
rests:[113 123 306 352] 4 fisiere
retaining:[16 31 159 192] 4 fisiere
retirement:[13 49 165 175] 4 fisiere
retort:[21 121 130 131] 4 fisiere
revelry:[276 282 305 345] 4 fisiere
reveries:[274 342 350 351] 4 fisiere
reverse:[12 97 193 355] 4 fisiere
revolution:[58 114 115 143] 4 fisiere
ribbon:[69 80 98 169] 4 fisiere
richly:[40 70 71 333] 4 fisiere
ringbolts:[298 325 343 349] 4 fisiere
riotous:[106 325 330 351] 4 fisiere
risked:[114 127 130 338] 4 fisiere
roast:[68 72 321 325] 4 fisiere
roasted:[50 95 147 274] 4 fisiere
robe:[84 85 306 355] 4 fisiere
roofless:[88 98 100 190] 4 fisiere
rottenness:[93 97 99 145] 4 fisiere
rotting:[74 93 180 189] 4 fisiere
roundabout:[69 131 330 337] 4 fisiere
routed:[74 321 330 355] 4 fisiere
rover:[70 341 342 345] 4 fisiere
royalties:[140 193 306 355] 4 fisiere
ruefully:[59 165 315 331] 4 fisiere
ruffled:[68 103 174 303] 4 fisiere
rung:[95 134 165 169] 4 fisiere
russia:[120 123 135 140] 4 fisiere
rustic:[60 77 96 191] 4 fisiere
ruthless:[80 157 333 337] 4 fisiere
rabbit:[94 95 179] 3 fisiere
rabbits:[89 95 134] 3 fisiere
rabble:[83 101 302] 3 fisiere
races:[69 121 315] 3 fisiere
racket:[101 302 321] 3 fisiere
radiating:[298 303 317] 3 fisiere
rails:[147 166 304] 3 fisiere
rainwashed:[65 70 88] 3 fisiere
rally:[193 309 355] 3 fisiere
ramadan:[210 289 290] 3 fisiere
rambled:[10 188 315] 3 fisiere
rams:[75 87 95] 3 fisiere
ramsgate:[33 35 41] 3 fisiere
rapturously:[25 167 178] 3 fisiere
rascals:[88 168 311] 3 fisiere
rationally:[24 47 52] 3 fisiere
rave:[109 111 137] 3 fisiere
ravines:[82 100 355] 3 fisiere
readable:[140 193 355] 3 fisiere
realities:[39 117 306] 3 fisiere
reap:[45 124 331] 3 fisiere
reaped:[297 306 354] 3 fisiere
reassure:[121 123 128] 3 fisiere
rebellion:[303 310 327] 3 fisiere
rebels:[83 145 282] 3 fisiere
receded:[71 76 100] 3 fisiere
receives:[274 325 355] 3 fisiere
recess:[96 97 145] 3 fisiere
reciprocating:[156 315 325] 3 fisiere
reconciliation:[13 58 118] 3 fisiere
recrossing:[81 107 325] 3 fisiere
rector:[13 16 54] 3 fisiere
redcheeked:[135 299 315] 3 fisiere
reddening:[151 306 341] 3 fisiere
redeemed:[178 283 306] 3 fisiere
redhorn:[72 73 74] 3 fisiere
redistribute:[140 193 355] 3 fisiere
redistributing:[140 193 355] 3 fisiere
redistribution:[140 193 355] 3 fisiere
reducing:[120 152 158] 3 fisiere
reed:[65 66 82] 3 fisiere
reef:[285 305 338] 3 fisiere
reeking:[92 123 161] 3 fisiere
references:[140 193 355] 3 fisiere
refill:[78 303 315] 3 fisiere
reflectively:[159 163 167] 3 fisiere
refund:[140 193 355] 3 fisiere
regimentals:[7 13 158] 3 fisiere
registered:[140 193 355] 3 fisiere
regulation:[11 152 158] 3 fisiere
regulations:[142 144 330] 3 fisiere
rehearsed:[72 327 355] 3 fisiere
rejoinder:[157 276 303] 3 fisiere
relapsing:[104 164 184] 3 fisiere
releasing:[95 160 162] 3 fisiere
relented:[64 182 285] 3 fisiere
relics:[288 330 339] 3 fisiere
relying:[116 123 354] 3 fisiere
remedies:[140 193 355] 3 fisiere
remedy:[35 49 158] 3 fisiere
remembrances:[170 193 298] 3 fisiere
reminiscences:[59 276 294] 3 fisiere
remnant:[71 76 298] 3 fisiere
remorselessly:[330 333 335] 3 fisiere
remoter:[190 302 339] 3 fisiere
renamed:[140 193 355] 3 fisiere
rend:[101 105 313] 3 fisiere
renounce:[106 136 330] 3 fisiere
renounced:[107 191 325] 3 fisiere
repine:[22 49 53] 3 fisiere
replacement:[140 193 355] 3 fisiere
replies:[48 149 172] 3 fisiere
reposing:[162 320 330] 3 fisiere
reproachfully:[130 167 321] 3 fisiere
requiem:[125 133 306] 3 fisiere
requirements:[140 193 355] 3 fisiere
requisite:[38 310 350] 3 fisiere
researches:[303 327 338] 3 fisiere
resentfully:[2 53 105] 3 fisiere
reserves:[19 34 53] 3 fisiere
residing:[47 191 302] 3 fisiere
resign:[49 180 312] 3 fisiere
resisting:[33 99 161] 3 fisiere
restoration:[9 49 58] 3 fisiere
restrictions:[140 193 355] 3 fisiere
resume:[12 288 322] 3 fisiere
retracing:[92 162 355] 3 fisiere
retreats:[302 306 330] 3 fisiere
reuse:[140 193 355] 3 fisiere
revelation:[340 341 343] 3 fisiere
reversed:[327 350 355] 3 fisiere
revolt:[49 121 137] 3 fisiere
revolve:[304 330 355] 3 fisiere
rewards:[73 96 177] 3 fisiere
rheumatic:[293 327 341] 3 fisiere
ribbons:[129 135 315] 3 fisiere
rice:[106 111 129] 3 fisiere
richard:[12 274 315] 3 fisiere
richer:[63 303 355] 3 fisiere
richest:[173 179 191] 3 fisiere
richness:[173 321 325] 3 fisiere
riddermark:[72 79 82] 3 fisiere
rifle:[303 318 320] 3 fisiere
riggers:[293 294 295] 3 fisiere
righthand:[74 161 167] 3 fisiere
rightwhale:[289 302 341] 3 fisiere
rills:[64 88 92] 3 fisiere
riot:[95 180 187] 3 fisiere
rippled:[65 77 78] 3 fisiere
rivals:[14 96 327] 3 fisiere
riverbank:[63 69 84] 3 fisiere
roam:[69 95 157] 3 fisiere
roasting:[64 68 143] 3 fisiere
robbing:[69 113 114] 3 fisiere
robust:[182 274 355] 3 fisiere
robustness:[281 299 330] 3 fisiere
rockets:[59 77 273] 3 fisiere
rodyas:[113 117 119] 3 fisiere
rom:[84 85 113] 3 fisiere
ropeyarn:[286 315 352] 3 fisiere
rosy:[136 138 346] 3 fisiere
ruddy:[298 337 343] 3 fisiere
rug:[140 188 325] 3 fisiere
ruining:[32 80 105] 3 fisiere
rulers:[72 96 341] 3 fisiere
ruling:[72 74 310] 3 fisiere
rumbled:[84 92 350] 3 fisiere
ruminating:[159 182 273] 3 fisiere
rummaged:[92 107 327] 3 fisiere
rummaging:[109 111 140] 3 fisiere
rut:[101 106 120] 3 fisiere
rutted:[62 66 84] 3 fisiere
rabelais:[273 335] 2 fisiere
racing:[79 344] 2 fisiere
racking:[120 174] 2 fisiere
radagast:[72 73] 2 fisiere
radical:[130 302] 2 fisiere
rafters:[338 339] 2 fisiere
rafts:[110 315] 2 fisiere
ragtag:[89 91] 2 fisiere
raid:[69 79] 2 fisiere
railways:[123 331] 2 fisiere
rainbowed:[346 355] 2 fisiere
rainbows:[306 329] 2 fisiere
rained:[7 187] 2 fisiere
raining:[70 161] 2 fisiere
rake:[302 331] 2 fisiere
rammed:[311 325] 2 fisiere
ramparts:[94 306] 2 fisiere
rapacious:[324 330] 2 fisiere
rapacity:[51 182] 2 fisiere
raphael:[128 273] 2 fisiere
raphaels:[122 136] 2 fisiere
rapids:[78 79] 2 fisiere
rapped:[145 161] 2 fisiere
rapping:[132 315] 2 fisiere
rapt:[334 345] 2 fisiere
rapturous:[21 27] 2 fisiere
rashly:[61 87] 2 fisiere
rates:[144 329] 2 fisiere
raved:[192 306] 2 fisiere
re:[109 140] 2 fisiere
reaction:[107 133] 2 fisiere
realize:[71 80] 2 fisiere
realms:[72 95] 2 fisiere
reappear:[40 60] 2 fisiere
reappearance:[317 355] 2 fisiere
rearguard:[71 87] 2 fisiere
reasonableness:[6 309] 2 fisiere
reassuring:[70 159] 2 fisiere
rebelled:[86 315] 2 fisiere
rebounds:[276 325] 2 fisiere
reciprocated:[166 193] 2 fisiere
reciting:[72 94] 2 fisiere
recognize:[72 77] 2 fisiere
recommenced:[16 147] 2 fisiere
recommending:[43 44] 2 fisiere
recondite:[333 339] 2 fisiere
recourse:[123 130] 2 fisiere
recovers:[59 350] 2 fisiere
recrossed:[323 355] 2 fisiere
recruit:[183 311] 2 fisiere
recumbent:[284 316] 2 fisiere
redemption:[175 180] 2 fisiere
rediscovery:[303 315] 2 fisiere
redmen:[275 287] 2 fisiere
redress:[14 183] 2 fisiere
reduce:[121 130] 2 fisiere
redundant:[299 325] 2 fisiere
reefed:[338 349] 2 fisiere
reflects:[126 191] 2 fisiere
refuges:[86 296] 2 fisiere
refuses:[80 315] 2 fisiere
refute:[33 121] 2 fisiere
regale:[170 332] 2 fisiere
regulars:[47 50] 2 fisiere
rehearse:[132 315] 2 fisiere
reigning:[136 306] 2 fisiere
reigns:[299 302] 2 fisiere
reined:[70 350] 2 fisiere
reinforced:[138 338] 2 fisiere
reins:[63 106] 2 fisiere
rekindled:[50 97] 2 fisiere
reliably:[309 325] 2 fisiere
relies:[104 125] 2 fisiere
religions:[290 306] 2 fisiere
relished:[58 123] 2 fisiere
remonstrances:[165 289] 2 fisiere
remonstrate:[173 283] 2 fisiere
remonstrating:[167 331] 2 fisiere
renegades:[298 307] 2 fisiere
renewing:[39 43] 2 fisiere
repairing:[343 355] 2 fisiere
repast:[288 302] 2 fisiere
repelled:[55 283] 2 fisiere
repelling:[112 316] 2 fisiere
repented:[47 104] 2 fisiere
repenting:[282 330] 2 fisiere
repining:[39 43] 2 fisiere
repressing:[35 157] 2 fisiere
reproofs:[41 55] 2 fisiere
repulsed:[16 191] 2 fisiere
reputable:[103 158] 2 fisiere
repute:[60 297] 2 fisiere
resemble:[321 323] 2 fisiere
reserving:[181 315] 2 fisiere
reservoir:[329 335] 2 fisiere
resignation:[18 146] 2 fisiere
resolves:[282 303] 2 fisiere
resorting:[181 308] 2 fisiere
resounds:[277 330] 2 fisiere
respiration:[327 329] 2 fisiere
resplendent:[306 348] 2 fisiere
respond:[113 299] 2 fisiere
restive:[82 122] 2 fisiere
restricted:[302 306] 2 fisiere
resulting:[274 303] 2 fisiere
results:[134 289] 2 fisiere
retains:[53 325] 2 fisiere
reticule:[182 330] 2 fisiere
retrace:[84 325] 2 fisiere
retraced:[93 292] 2 fisiere
retribution:[315 355] 2 fisiere
retrospective:[43 157] 2 fisiere
rev:[273 302] 2 fisiere
revelations:[302 321] 2 fisiere
revellers:[103 305] 2 fisiere
revenged:[77 88] 2 fisiere
revenging:[33 130] 2 fisiere
revered:[33 337] 2 fisiere
reverently:[106 172] 2 fisiere
reverting:[14 126] 2 fisiere
reverts:[152 165] 2 fisiere
revery:[311 347] 2 fisiere
revival:[32 315] 2 fisiere
revolver:[137 138] 2 fisiere
reynolds:[41 49] 2 fisiere
rhymes:[91 135] 2 fisiere
riches:[59 175] 2 fisiere
rickety:[104 276] 2 fisiere
riddling:[95 96] 2 fisiere
riderless:[82 84] 2 fisiere
ridgepole:[325 338] 2 fisiere
ridingwhips:[325 330] 2 fisiere
rifled:[156 304] 2 fisiere
rigadig:[298 341] 2 fisiere
rightdown:[146 315] 2 fisiere
righted:[315 327] 2 fisiere
righteousness:[125 337] 2 fisiere
rimmed:[77 315] 2 fisiere
rio:[313 318] 2 fisiere
riots:[287 350] 2 fisiere
ripening:[60 315] 2 fisiere
ripple:[325 327] 2 fisiere
risky:[92 108] 2 fisiere
riven:[87 88] 2 fisiere
riverdaughter:[64 65] 2 fisiere
riverside:[79 80] 2 fisiere
rivervalley:[63 64] 2 fisiere
rle:[113 128] 2 fisiere
roamed:[82 95] 2 fisiere
roaming:[80 172] 2 fisiere
roars:[85 171] 2 fisiere
robberies:[158 181] 2 fisiere
robed:[70 298] 2 fisiere
rockchamber:[70 96] 2 fisiere
rokovoko:[285 286] 2 fisiere
rollicking:[302 330] 2 fisiere
rollings:[70 306] 2 fisiere
romans:[306 327] 2 fisiere
romeo:[119 120] 2 fisiere
romish:[306 315] 2 fisiere
roofed:[61 98] 2 fisiere
rosebud:[250 331] 2 fisiere
ross:[273 302] 2 fisiere
rotation:[303 321] 2 fisiere
rotted:[88 178] 2 fisiere
roughhewn:[96 98] 2 fisiere
rounds:[281 303] 2 fisiere
rouses:[146 302] 2 fisiere
rout:[69 330] 2 fisiere
routine:[112 336] 2 fisiere
rowan:[84 86] 2 fisiere
rowantrees:[84 85] 2 fisiere
rowed:[96 315] 2 fisiere
rowlocks:[311 355] 2 fisiere
royalmast:[273 355] 2 fisiere
royals:[313 355] 2 fisiere
rudest:[126 140] 2 fisiere
rudimental:[326 332] 2 fisiere
rue:[72 339] 2 fisiere
ruffians:[178 180] 2 fisiere
rugged:[82 93] 2 fisiere
ruled:[60 96] 2 fisiere
rumble:[73 75] 2 fisiere
ruminated:[290 298] 2 fisiere
rumors:[306 315] 2 fisiere
rumpled:[299 311] 2 fisiere
runaway:[171 341] 2 fisiere
runda:[84 85] 2 fisiere
runners:[170 171] 2 fisiere
russians:[137 140] 2 fisiere
rusted:[88 189] 2 fisiere
ruthlessly:[120 179] 2 fisiere
raal:[277] 1 fisiere
rabbins:[312] 1 fisiere
rabid:[325] 1 fisiere
racehorse:[282] 1 fisiere
rachels:[352] 1 fisiere
racked:[49] 1 fisiere
rad:[315] 1 fisiere
radiates:[298] 1 fisiere
radish:[110] 1 fisiere
radishchev:[110] 1 fisiere
radishwhich:[103] 1 fisiere
radney:[315] 1 fisiere
radneys:[315] 1 fisiere
rads:[315] 1 fisiere
raff:[190] 1 fisiere
rafted:[330] 1 fisiere
raftered:[98] 1 fisiere
ragamuffin:[311] 1 fisiere
ragethat:[327] 1 fisiere
ragmerchant:[166] 1 fisiere
ragout:[6] 1 fisiere
ragsand:[113] 1 fisiere
rahoomrah:[85] 1 fisiere
raiders:[84] 1 fisiere
raiding:[86] 1 fisiere
railed:[183] 1 fisiere
railings:[185] 1 fisiere
railroads:[298] 1 fisiere
raimond:[273] 1 fisiere
raindrop:[65] 1 fisiere
rainsong:[65] 1 fisiere
rainwater:[65] 1 fisiere
raisins:[106] 1 fisiere
raked:[337] 1 fisiere
rakes:[330] 1 fisiere
rakishly:[177] 1 fisiere
rakishlytilted:[115] 1 fisiere
rallies:[282] 1 fisiere
ramadanbut:[290] 1 fisiere
ramadans:[290] 1 fisiere
rambling:[164] 1 fisiere
ramblings:[330] 1 fisiere
ramlecherous:[337] 1 fisiere
rammers:[87] 1 fisiere
ramming:[325] 1 fisiere
ramp:[87] 1 fisiere
rampacious:[142] 1 fisiere
rampant:[64] 1 fisiere
randolphs:[274] 1 fisiere
rankle:[91] 1 fisiere
ranksuch:[12] 1 fisiere
ransack:[109] 1 fisiere
ransacked:[113] 1 fisiere
ransacking:[120] 1 fisiere
rant:[56] 1 fisiere
rape:[273] 1 fisiere
raps:[144] 1 fisiere
rapscallions:[311] 1 fisiere
rarities:[276] 1 fisiere
rarity:[179] 1 fisiere
rarmai:[341] 1 fisiere
rashness:[10] 1 fisiere
raskolnikomed:[118] 1 fisiere
raskolnikovcan:[112] 1 fisiere
raskolnikovcome:[103] 1 fisiere
raskolnikovfrom:[103] 1 fisiere
raskolnin:[114] 1 fisiere
raspberries:[109] 1 fisiere
raspberry:[111] 1 fisiere
ratcliffe:[153] 1 fisiere
rated:[20] 1 fisiere
ratethough:[330] 1 fisiere
rathole:[87] 1 fisiere
ratification:[308] 1 fisiere
ratified:[167] 1 fisiere
ratifying:[303] 1 fisiere
rattat:[352] 1 fisiere
rattler:[338] 1 fisiere
raurosfalls:[81] 1 fisiere
raurosfoot:[79] 1 fisiere
ravening:[355] 1 fisiere
ravenous:[325] 1 fisiere
ravens:[89] 1 fisiere
ravished:[355] 1 fisiere
rawboned:[183] 1 fisiere
rayther:[276] 1 fisiere
razeed:[303] 1 fisiere
razorsthe:[344] 1 fisiere
razsudkin:[123] 1 fisiere
razumihinhes:[136] 1 fisiere
razumihinwe:[115] 1 fisiere
razumihinyou:[126] 1 fisiere
rd:[59] 1 fisiere
rdry:[89] 1 fisiere
reactionaries:[120] 1 fisiere
reactionary:[122] 1 fisiere
readers:[163] 1 fisiere
readilyeasilyto:[10] 1 fisiere
readingroom:[120] 1 fisiere
reads:[282] 1 fisiere
readydressed:[148] 1 fisiere
readyjust:[295] 1 fisiere
readymade:[113] 1 fisiere
readymanned:[303] 1 fisiere
realises:[193] 1 fisiere
realizing:[321] 1 fisiere
reams:[60] 1 fisiere
reanimated:[23] 1 fisiere
reapers:[286] 1 fisiere
reaping:[315] 1 fisiere
reappearing:[317] 1 fisiere
reargate:[87] 1 fisiere
rears:[273] 1 fisiere
rearthan:[330] 1 fisiere
rearward:[350] 1 fisiere
reasona:[327] 1 fisiere
reasoned:[153] 1 fisiere
reasonest:[277] 1 fisiere
reaumur:[121] 1 fisiere
rebelling:[305] 1 fisiere
rebelliously:[142] 1 fisiere
rebounding:[126] 1 fisiere
rebuilding:[101] 1 fisiere
rebuilt:[59] 1 fisiere
rebuked:[92] 1 fisiere
rebut:[332] 1 fisiere
recalledthe:[325] 1 fisiere
recantation:[134] 1 fisiere
recapture:[181] 1 fisiere
recapturing:[80] 1 fisiere
receipts:[138] 1 fisiere
receiver:[112] 1 fisiere
recentest:[342] 1 fisiere
receptacle:[333] 1 fisiere
rechristened:[339] 1 fisiere
rechurned:[355] 1 fisiere
reciprocal:[273] 1 fisiere
reciprocally:[330] 1 fisiere
recite:[59] 1 fisiere
reclaimed:[180] 1 fisiere
reclined:[170] 1 fisiere
reclines:[321] 1 fisiere
reclosed:[147] 1 fisiere
recluse:[299] 1 fisiere
recluseness:[340] 1 fisiere
recognizing:[42] 1 fisiere
recoiled:[131] 1 fisiere
recollectionit:[41] 1 fisiere
recommendations:[22] 1 fisiere
recommends:[321] 1 fisiere
recompense:[179] 1 fisiere
reconcile:[56] 1 fisiere
reconciling:[34] 1 fisiere
reconsidered:[181] 1 fisiere
reconsidering:[34] 1 fisiere
recorder:[72] 1 fisiere
recording:[152] 1 fisiere
recounting:[170] 1 fisiere
recoveredso:[295] 1 fisiere
recreate:[327] 1 fisiere
recreation:[15] 1 fisiere
recreations:[144] 1 fisiere
recruited:[96] 1 fisiere
recruiting:[168] 1 fisiere
rectitude:[21] 1 fisiere
rectory:[12] 1 fisiere
recumbant:[162] 1 fisiere
recur:[309] 1 fisiere
recurred:[277] 1 fisiere
redbilled:[354] 1 fisiere
redbrick:[77] 1 fisiere
reddened:[314] 1 fisiere
reddenest:[303] 1 fisiere
redder:[182] 1 fisiere
rede:[82] 1 fisiere
redecorated:[128] 1 fisiere
redeemedbracelets:[108] 1 fisiere
redeemer:[104] 1 fisiere
redeeming:[315] 1 fisiere
redeyed:[155] 1 fisiere
redfaced:[142] 1 fisiere
redgolden:[59] 1 fisiere
redhaired:[327] 1 fisiere
redheaded:[171] 1 fisiere
redhot:[188] 1 fisiere
redolent:[332] 1 fisiere
redoubted:[330] 1 fisiere
redstained:[74] 1 fisiere
reduction:[156] 1 fisiere
ree:[132] 1 fisiere
reecho:[150] 1 fisiere
reechoed:[190] 1 fisiere
reedbeds:[69] 1 fisiere
reedchoked:[84] 1 fisiere
reedthicket:[93] 1 fisiere
reefing:[305] 1 fisiere
reeked:[136] 1 fisiere
reeks:[95] 1 fisiere
reelingly:[349] 1 fisiere
reelman:[350] 1 fisiere
reentered:[188] 1 fisiere
reestablish:[38] 1 fisiere
reestablishing:[105] 1 fisiere
refilled:[89] 1 fisiere
refinements:[6] 1 fisiere
refining:[310] 1 fisiere
refiningly:[306] 1 fisiere
reflectionhe:[181] 1 fisiere
reflective:[172] 1 fisiere
reforged:[73] 1 fisiere
reform:[126] 1 fisiere
reforming:[341] 1 fisiere
reforms:[113] 1 fisiere
refractory:[147] 1 fisiere
refresh:[65] 1 fisiere
refrigerators:[323] 1 fisiere
refugees:[273] 1 fisiere
refusals:[17] 1 fisiere
regains:[72] 1 fisiere
regaled:[143] 1 fisiere
regales:[157] 1 fisiere
regardful:[281] 1 fisiere
regardings:[299] 1 fisiere
regeneration:[140] 1 fisiere
regent:[279] 1 fisiere
regimental:[104] 1 fisiere
regina:[331] 1 fisiere
register:[143] 1 fisiere
reglar:[276] 1 fisiere
regretfully:[69] 1 fisiere
regulate:[16] 1 fisiere
regulated:[27] 1 fisiere
reharpooned:[330] 1 fisiere
rehearsal:[102] 1 fisiere
rehearsing:[315] 1 fisiere
rehearsingsinging:[336] 1 fisiere
reigneth:[302] 1 fisiere
rein:[82] 1 fisiere
reinforcement:[315] 1 fisiere
reinstating:[123] 1 fisiere
reiterated:[315] 1 fisiere
reiterating:[315] 1 fisiere
rejoin:[85] 1 fisiere
rekindle:[96] 1 fisiere
relapse:[123] 1 fisiere
relapses:[310] 1 fisiere
relatively:[321] 1 fisiere
relaxing:[179] 1 fisiere
relent:[352] 1 fisiere
relenting:[184] 1 fisiere
relentlessly:[100] 1 fisiere
relict:[177] 1 fisiere
relieves:[103] 1 fisiere
religionists:[290] 1 fisiere
religiously:[106] 1 fisiere
relinquished:[192] 1 fisiere
remaini:[338] 1 fisiere
remanded:[183] 1 fisiere
remarkedly:[119] 1 fisiere
remarkthat:[337] 1 fisiere
rememberthats:[126] 1 fisiere
reminiscence:[289] 1 fisiere
reminiscenceeven:[330] 1 fisiere
remit:[111] 1 fisiere
remittance:[111] 1 fisiere
remmirath:[61] 1 fisiere
remonstratory:[156] 1 fisiere
remorseful:[99] 1 fisiere
remorsefully:[93] 1 fisiere
remoteness:[110] 1 fisiere
remounting:[325] 1 fisiere
remunerative:[339] 1 fisiere
renders:[316] 1 fisiere
renewals:[170] 1 fisiere
renews:[134] 1 fisiere
renouncing:[330] 1 fisiere
renown:[309] 1 fisiere
rensselaers:[274] 1 fisiere
rented:[290] 1 fisiere
rents:[88] 1 fisiere
repack:[69] 1 fisiere
repairs:[126] 1 fisiere
repartees:[318] 1 fisiere
repassing:[311] 1 fisiere
repaying:[105] 1 fisiere
repeateda:[162] 1 fisiere
repellent:[136] 1 fisiere
repellingly:[302] 1 fisiere
repels:[306] 1 fisiere
repentanceburning:[140] 1 fisiere
repentant:[330] 1 fisiere
reperusing:[31] 1 fisiere
repetitions:[309] 1 fisiere
repinings:[40] 1 fisiere
replenish:[329] 1 fisiere
replenishes:[336] 1 fisiere
replete:[35] 1 fisiere
repliednothing:[289] 1 fisiere
reposed:[181] 1 fisiere
represents:[276] 1 fisiere
reprieve:[192] 1 fisiere
reprimand:[315] 1 fisiere
reproachful:[93] 1 fisiere
reproaching:[182] 1 fisiere
reproduce:[120] 1 fisiere
reproduced:[125] 1 fisiere
reproducing:[134] 1 fisiere
reproving:[165] 1 fisiere
republica:[337] 1 fisiere
republican:[330] 1 fisiere
repugnant:[42] 1 fisiere
repulse:[129] 1 fisiere
repulses:[306] 1 fisiere
repulsiveness:[166] 1 fisiere
repulsivethe:[114] 1 fisiere
reputedly:[59] 1 fisiere
requin:[306] 1 fisiere
requirest:[303] 1 fisiere
requisition:[330] 1 fisiere
requited:[46] 1 fisiere
rere:[85] 1 fisiere
reread:[34] 1 fisiere
researchthats:[140] 1 fisiere
reseated:[155] 1 fisiere
resemblances:[339] 1 fisiere
resembles:[302] 1 fisiere
resentments:[14] 1 fisiere
reservation:[321] 1 fisiere
reservoirs:[279] 1 fisiere
reside:[166] 1 fisiere
resident:[309] 1 fisiere
residuary:[302] 1 fisiere
residue:[298] 1 fisiere
resigning:[34] 1 fisiere
resinous:[95] 1 fisiere
resinscented:[61] 1 fisiere
resolutions:[107] 1 fisiere
resolvednor:[12] 1 fisiere
resounding:[39] 1 fisiere
resourceflattery:[136] 1 fisiere
resourcefulness:[133] 1 fisiere
resources:[123] 1 fisiere
respectablelooking:[150] 1 fisiere
respectsince:[103] 1 fisiere
respirationa:[141] 1 fisiere
respirations:[318] 1 fisiere
respires:[329] 1 fisiere
responding:[142] 1 fisiere
responds:[134] 1 fisiere
responses:[276] 1 fisiere
responsibilities:[343] 1 fisiere
responsibility:[168] 1 fisiere
responsibilitythats:[103] 1 fisiere
responsive:[134] 1 fisiere
restaurants:[133] 1 fisiere
restingplace:[95] 1 fisiere
restitution:[189] 1 fisiere
restlesseh:[184] 1 fisiere
restoratives:[179] 1 fisiere
restores:[315] 1 fisiere
restoring:[35] 1 fisiere
restraining:[123] 1 fisiere
restricting:[277] 1 fisiere
restthere:[27] 1 fisiere
resurrections:[280] 1 fisiere
ret:[178] 1 fisiere
retail:[14] 1 fisiere
retailing:[37] 1 fisiere
retake:[75] 1 fisiere
retaken:[330] 1 fisiere
retaking:[273] 1 fisiere
retaliate:[29] 1 fisiere
retarded:[327] 1 fisiere
retarding:[327] 1 fisiere
retched:[95] 1 fisiere
retention:[329] 1 fisiere
retentive:[323] 1 fisiere
retires:[273] 1 fisiere
retorts:[168] 1 fisiere
retract:[139] 1 fisiere
retrieve:[189] 1 fisiere
retrieving:[193] 1 fisiere
retrograde:[120] 1 fisiere
retrospections:[55] 1 fisiere
returnand:[86] 1 fisiere
returnas:[285] 1 fisiere
returne:[273] 1 fisiere
revelled:[330] 1 fisiere
revels:[330] 1 fisiere
revengeful:[308] 1 fisiere
reverberated:[178] 1 fisiere
reverberating:[299] 1 fisiere
reverberations:[343] 1 fisiere
reverenced:[306] 1 fisiere
reverential:[281] 1 fisiere
reveriesstand:[274] 1 fisiere
reveriestallied:[308] 1 fisiere
reversing:[302] 1 fisiere
reversion:[144] 1 fisiere
revert:[158] 1 fisiere
reviendra:[132] 1 fisiere
reviewed:[306] 1 fisiere
reviling:[103] 1 fisiere
revivified:[298] 1 fisiere
reviving:[70] 1 fisiere
revolted:[41] 1 fisiere
revolts:[80] 1 fisiere
revolutions:[315] 1 fisiere
revolves:[325] 1 fisiere
revolvingly:[355] 1 fisiere
rewive:[179] 1 fisiere
rex:[331] 1 fisiere
reydansiskur:[339] 1 fisiere
rhenish:[325] 1 fisiere
rhodes:[303] 1 fisiere
rhubarb:[302] 1 fisiere
rhyming:[61] 1 fisiere
rhythmically:[115] 1 fisiere
riband:[154] 1 fisiere
ribby:[315] 1 fisiere
ribends:[327] 1 fisiere
ribsand:[338] 1 fisiere
richardsons:[273] 1 fisiere
rick:[87] 1 fisiere
ridged:[82] 1 fisiere
ridicules:[182] 1 fisiere
ridiculing:[16] 1 fisiere
ridiculousa:[39] 1 fisiere
ridingponies:[69] 1 fisiere
riffraff:[106] 1 fisiere
rifles:[355] 1 fisiere
rifleshot:[325] 1 fisiere
rift:[93] 1 fisiere
rigamarole:[112] 1 fisiere
rigger:[294] 1 fisiere
riggingfor:[315] 1 fisiere
rightabouts:[62] 1 fisiere
rightangles:[325] 1 fisiere
rightful:[1] 1 fisiere
righti:[327] 1 fisiere
rightminded:[167] 1 fisiere
rightmindedness:[306] 1 fisiere
rightor:[131] 1 fisiere
rightserves:[136] 1 fisiere
rightso:[104] 1 fisiere
rightviolence:[137] 1 fisiere
rigidity:[115] 1 fisiere
rigidly:[184] 1 fisiere
rigorous:[302] 1 fisiere
rigout:[111] 1 fisiere
rigueur:[126] 1 fisiere
riight:[188] 1 fisiere
rill:[81] 1 fisiere
rinaldini:[309] 1 fisiere
rinaldo:[309] 1 fisiere
rinds:[82] 1 fisiere
ringbearers:[74] 1 fisiere
ringbedecked:[111] 1 fisiere
ringbolt:[285] 1 fisiere
ringfinder:[71] 1 fisiere
ringleader:[315] 1 fisiere
ringleaders:[113] 1 fisiere
ringll:[101] 1 fisiere
ringmaker:[59] 1 fisiere
ringsyou:[114] 1 fisiere
ringwall:[88] 1 fisiere
ringyour:[186] 1 fisiere
rinse:[94] 1 fisiere
rinsing:[115] 1 fisiere
rioting:[276] 1 fisiere
riotously:[311] 1 fisiere
ripped:[295] 1 fisiere
ripplingly:[355] 1 fisiere
rips:[276] 1 fisiere
ript:[337] 1 fisiere
riseyes:[276] 1 fisiere
risings:[329] 1 fisiere
risks:[348] 1 fisiere
rissk:[92] 1 fisiere
rite:[118] 1 fisiere
rites:[12] 1 fisiere
rituals:[290] 1 fisiere
rivallingly:[330] 1 fisiere
rivehat:[59] 1 fisiere
riverbed:[72] 1 fisiere
rivercapitals:[339] 1 fisiere
riverlands:[85] 1 fisiere
rivermist:[62] 1 fisiere
riverout:[76] 1 fisiere
rivervoyage:[79] 1 fisiere
riverward:[64] 1 fisiere
riverwomans:[64] 1 fisiere
rivet:[350] 1 fisiere
rivets:[189] 1 fisiere
rks:[84] 1 fisiere
rles:[128] 1 fisiere
rmar:[78] 1 fisiere
rmello:[78] 1 fisiere
rmil:[76] 1 fisiere
rna:[84] 1 fisiere
roaddown:[186] 1 fisiere
roadon:[188] 1 fisiere
roanoke:[321] 1 fisiere
roarsomething:[153] 1 fisiere
roastpig:[338] 1 fisiere
robbera:[172] 1 fisiere
robert:[280] 1 fisiere
robinson:[5] 1 fisiere
robinsons:[5] 1 fisiere
rockaway:[275] 1 fisiere
rockchimneys:[79] 1 fisiere
rockedge:[92] 1 fisiere
rocket:[325] 1 fisiere
rocketing:[89] 1 fisiere
rockface:[92] 1 fisiere
rockfault:[92] 1 fisiere
rockings:[306] 1 fisiere
rodlike:[299] 1 fisiere
rodmond:[273] 1 fisiere
rodmortal:[282] 1 fisiere
rodo:[81] 1 fisiere
rodyar:[109] 1 fisiere
rodyawho:[118] 1 fisiere
rogerss:[276] 1 fisiere
rogues:[315] 1 fisiere
rol:[146] 1 fisiere
rollingpin:[140] 1 fisiere
rolypoly:[341] 1 fisiere
romance:[158] 1 fisiere
romes:[335] 1 fisiere
rondeletius:[302] 1 fisiere
roob:[182] 1 fisiere
roods:[324] 1 fisiere
roofaloft:[355] 1 fisiere
rook:[173] 1 fisiere
roomcan:[134] 1 fisiere
roomi:[130] 1 fisiere
roomin:[164] 1 fisiere
roomthat:[143] 1 fisiere
roomthe:[109] 1 fisiere
roomty:[84] 1 fisiere
roomy:[335] 1 fisiere
roosting:[76] 1 fisiere
roostingplace:[313] 1 fisiere
rootlike:[84] 1 fisiere
rootthreads:[65] 1 fisiere
ropeladder:[76] 1 fisiere
ropeladders:[355] 1 fisiere
ropelength:[92] 1 fisiere
ropelike:[344] 1 fisiere
ropemaker:[318] 1 fisiere
ropemaking:[78] 1 fisiere
ropewalk:[92] 1 fisiere
ropewalks:[302] 1 fisiere
rororodionovitch:[140] 1 fisiere
rory:[59] 1 fisiere
rosebrambles:[95] 1 fisiere
roserosebutton:[331] 1 fisiere
rosesome:[355] 1 fisiere
rosewater:[299] 1 fisiere
rossing:[275] 1 fisiere
rostrated:[302] 1 fisiere
rosycheeked:[106] 1 fisiere
rosystrong:[273] 1 fisiere
rote:[73] 1 fisiere
rotherhithe:[190] 1 fisiere
rotund:[302] 1 fisiere
roublesa:[136] 1 fisiere
rougher:[72] 1 fisiere
roughest:[190] 1 fisiere
roughness:[179] 1 fisiere
roundas:[109] 1 fisiere
rounder:[337] 1 fisiere
roundhouse:[331] 1 fisiere
roundingly:[315] 1 fisiere
roundly:[352] 1 fisiere
roundness:[273] 1 fisiere
roundthought:[315] 1 fisiere
roundwhen:[276] 1 fisiere
roundyou:[276] 1 fisiere
rousseau:[335] 1 fisiere
rove:[77] 1 fisiere
rowds:[273] 1 fisiere
rowels:[330] 1 fisiere
rowlock:[355] 1 fisiere
rown:[85] 1 fisiere
roystering:[148] 1 fisiere
rring:[274] 1 fisiere
rrubbish:[114] 1 fisiere
rse:[119] 1 fisiere
rsh:[89] 1 fisiere
rubber:[165] 1 fisiere
rubbishly:[126] 1 fisiere
rubbleheap:[88] 1 fisiere
rubies:[333] 1 fisiere
rubinstein:[116] 1 fisiere
ruby:[96] 1 fisiere
ruder:[136] 1 fisiere
ruefulness:[191] 1 fisiere
ruffles:[315] 1 fisiere
ruggedest:[299] 1 fisiere
ruggedness:[298] 1 fisiere
rugs:[138] 1 fisiere
rul:[152] 1 fisiere
rulepointing:[337] 1 fisiere
ruler:[73] 1 fisiere
ruman:[73] 1 fisiere
rumbles:[329] 1 fisiere
ruminate:[182] 1 fisiere
rummage:[181] 1 fisiere
rumor:[280] 1 fisiere
rumoured:[76] 1 fisiere
rune:[78] 1 fisiere
runner:[72] 1 fisiere
ruptured:[333] 1 fisiere
rural:[315] 1 fisiere
rushbottom:[125] 1 fisiere
rushgrown:[62] 1 fisiere
rushingand:[351] 1 fisiere
rushlight:[67] 1 fisiere
rushlightshade:[152] 1 fisiere
rushseated:[65] 1 fisiere
russet:[66] 1 fisiere
rustiness:[337] 1 fisiere
rustlenot:[192] 1 fisiere
rustles:[332] 1 fisiere
rustlings:[306] 1 fisiere
rustylooking:[344] 1 fisiere
ruts:[64] 1 fisiere
ry:[85] 1 fisiere
ryazan:[112] 1 fisiere
