you:[1 2 3 4 5 6 7 8 9 10 11 12 13 14 15 16 17 18 19 20 21 22 23 24 25 26 27 28 29 30 31 32 33 34 35 36 37 38 39 40 41 43 44 45 46 47 48 49 50 51 52 53 54 55 56 57 58 59 60 61 62 63 64 65 66 67 68 69 70 71 72 73 74 75 76 77 78 79 80 81 82 83 84 85 86 87 88 89 90 91 92 93 94 95 96 97 98 99 100 101 102 103 104 105 106 107 108 109 110 111 112 113 114 115 116 117 118 119 120 121 122 123 124 125 126 127 128 129 130 131 132 133 134 135 136 137 138 139 140 141 142 143 144 145 146 147 148 149 150 151 152 153 154 155 156 157 158 159 160 161 162 163 164 165 166 167 168 169 170 171 172 173 174 175 176 177 178 179 180 181 182 183 184 185 186 187 188 189 190 191 192 193 273 274 275 276 277 278 279 282 283 284 286 287 288 289 290 291 292 294 295 297 298 299 301 302 303 304 305 306 307 308 309 311 312 313 315 316 318 319 320 321 322 323 324 325 326 327 328 329 330 331 333 334 335 336 337 338 339 341 342 345 348 350 352 353 354 355] 258 fisiere
your:[1 2 3 4 5 6 7 8 9 10 11 12 13 14 15 16 17 18 19 20 22 23 24 26 27 29 30 31 32 33 34 35 36 37 38 39 40 41 43 44 45 46 47 48 49 50 51 52 53 54 55 56 57 59 60 61 62 63 64 65 66 67 68 69 70 71 72 73 74 75 76 77 78 79 80 82 83 84 85 86 87 88 89 90 91 92 93 94 95 96 97 98 99 101 102 103 104 105 106 107 108 109 110 111 112 113 114 115 116 117 118 119 120 121 122 123 124 125 126 127 128 129 130 131 132 133 134 135 136 137 138 139 140 141 142 143 144 145 146 147 148 149 150 151 152 153 154 155 156 157 158 159 160 161 162 163 164 165 166 167 168 169 170 171 172 173 174 175 176 177 178 179 180 181 182 183 184 185 186 187 188 189 190 191 192 193 273 274 275 276 279 284 286 287 288 289 290 291 292 295 297 298 301 303 304 305 306 309 311 312 315 316 318 321 323 324 325 326 327 329 330 331 333 336 337 338 341 342 343 345 347 348 352 353 354 355] 236 fisiere
yet:[3 6 9 11 12 13 14 15 16 18 19 22 23 24 31 32 33 34 35 36 37 38 39 41 42 43 44 46 47 48 49 50 51 54 55 56 57 58 59 60 61 62 63 64 65 66 67 68 69 70 71 72 73 74 75 76 77 78 79 80 81 82 83 84 85 86 87 88 89 90 91 92 93 94 95 96 97 98 99 100 101 102 103 104 105 107 108 109 110 111 113 114 115 116 117 118 120 123 124 125 126 127 128 130 131 133 134 135 136 137 139 140 141 142 145 147 149 150 151 152 153 154 158 159 160 161 163 169 170 171 172 174 175 177 178 179 180 182 183 184 185 186 188 189 190 191 192 193 274 275 276 278 279 280 282 283 284 285 286 289 290 291 292 293 295 297 298 299 302 303 304 305 306 307 308 309 310 311 312 313 314 315 316 317 318 321 323 325 326 327 328 329 330 331 332 333 335 336 337 338 339 340 341 343 344 345 346 347 348 349 350 351 352 353 354 355] 216 fisiere
yes:[5 6 7 8 9 10 11 14 16 17 18 19 22 23 24 26 27 30 31 37 38 39 41 43 44 45 46 48 49 51 52 53 54 55 56 59 60 61 62 63 67 68 69 71 72 73 74 75 76 77 79 80 81 82 83 84 85 86 87 88 89 90 91 92 93 94 95 96 97 98 99 100 101 102 103 104 105 107 108 109 110 111 112 113 114 115 116 117 118 119 120 121 122 123 124 125 126 127 128 129 130 131 132 133 134 135 136 137 138 139 140 141 142 143 144 145 147 148 149 150 151 152 153 154 155 156 157 159 160 161 162 163 164 165 166 167 170 172 175 177 180 181 182 183 185 186 187 189 190 191 192 274 276 278 279 280 281 283 284 288 289 290 292 294 295 299 301 305 308 311 312 315 318 325 327 330 331 336 337 338 341 344 348 349 352 355] 186 fisiere
young:[1 3 4 5 6 7 8 9 12 13 14 15 16 17 18 19 22 23 24 25 27 29 31 33 35 36 37 38 39 41 43 44 45 47 48 49 51 52 53 54 56 57 58 59 60 61 62 63 64 65 67 69 71 74 76 82 84 85 86 87 88 90 93 94 95 96 102 103 105 106 107 108 109 110 111 113 114 115 116 117 118 119 120 121 123 124 125 126 127 128 129 130 133 134 135 136 137 138 140 141 142 143 144 145 146 147 148 149 150 151 152 153 154 155 156 157 158 159 160 161 162 164 165 166 167 168 169 170 171 172 173 174 175 176 177 178 179 180 181 182 183 185 186 188 189 190 191 192 193 275 276 277 278 279 286 288 289 290 291 298 303 305 306 315 321 325 326 327 330 335 336 338 343 345 351 355] 176 fisiere
years:[1 4 14 16 17 20 23 32 33 34 39 40 41 42 45 46 47 50 52 55 58 59 60 61 62 63 65 66 68 69 70 71 72 73 74 75 76 77 78 79 80 82 84 85 86 87 88 89 90 91 92 94 95 96 97 98 99 100 101 103 104 105 106 108 109 112 113 114 116 117 118 119 122 123 124 125 127 128 129 131 132 134 135 136 137 138 139 140 142 144 145 148 151 154 156 157 158 159 160 163 166 169 172 173 174 177 178 180 181 186 189 190 191 192 193 273 276 281 287 288 289 295 296 297 298 299 302 303 306 308 309 314 315 318 319 321 324 325 330 331 332 333 336 337 338 339 341 343 352 355] 150 fisiere
yourself:[6 9 10 12 16 17 18 21 22 23 24 26 32 36 39 43 44 45 46 47 49 53 54 55 56 57 59 61 63 65 67 71 73 74 82 83 84 85 86 89 91 92 94 96 97 99 101 104 106 107 109 110 111 112 113 114 115 116 117 118 119 120 121 122 123 124 125 126 127 128 130 131 132 133 134 135 136 137 138 139 140 142 149 151 157 158 160 162 166 167 168 170 171 172 173 174 175 177 178 179 182 183 184 186 187 189 191 273 276 284 289 290 301 302 315 316 318 321 325 327 333 348] 122 fisiere
year:[1 3 7 10 20 28 30 33 35 41 44 46 47 49 50 52 56 58 59 60 61 65 67 68 70 71 72 74 75 76 77 82 84 85 86 87 88 89 90 92 94 95 97 102 103 104 105 106 109 111 114 116 117 119 122 123 124 129 134 140 142 154 159 164 173 175 176 178 182 187 188 189 191 193 273 277 290 295 297 298 302 305 308 309 315 316 325 330 337 338 339 341] 92 fisiere
youll:[48 59 62 63 65 66 67 68 71 73 77 79 80 83 91 92 93 95 96 100 101 105 106 109 111 112 113 116 117 120 125 126 127 130 131 132 133 134 135 136 137 138 139 142 144 145 149 153 155 158 159 160 162 163 165 166 178 179 183 184 190 191 273 276 290 298 325 337] 68 fisiere
youre:[59 61 62 66 67 68 69 77 83 84 91 92 93 95 96 99 101 104 109 110 112 114 115 116 122 124 126 127 130 131 132 133 134 135 136 137 140 142 143 145 147 148 149 151 152 153 156 157 158 159 160 161 163 166 168 177 179 181 182 184 186 305 307 321 331 337 348] 67 fisiere
yesterday:[9 14 16 19 24 27 42 43 45 61 62 73 79 82 87 88 90 102 104 105 106 107 109 110 111 112 114 116 117 118 119 120 121 122 123 126 127 128 129 130 131 132 133 134 136 139 140 152 163 171 174 176 183 185 191 280 330 331 337 342 350 352 354 355] 64 fisiere
yours:[5 7 9 10 11 15 17 24 27 33 46 49 55 57 58 61 63 68 73 78 80 86 88 89 90 96 99 101 102 103 104 112 114 115 116 120 123 126 130 132 133 134 136 137 138 159 160 166 174 175 177 178 180 184 187 191 289 292 294 301 321 325 331 337] 64 fisiere
youve:[59 62 66 68 69 71 83 84 92 95 96 98 99 100 101 103 104 108 109 110 111 112 113 114 115 116 117 119 120 122 123 125 126 127 128 130 131 132 133 134 136 137 139 140 142 143 145 147 149 155 156 158 159 160 169 171 179 182 183 187 321] 61 fisiere
ye:[78 103 125 134 273 275 276 279 280 282 288 289 291 292 294 295 296 297 298 299 301 302 303 304 305 306 307 311 313 314 315 316 321 325 327 328 330 331 333 337 338 341 344 345 346 347 348 350 352 353 354 355] 52 fisiere
yellow:[59 60 63 64 65 66 71 73 76 77 78 79 82 83 84 86 87 93 94 95 96 98 102 103 104 111 112 114 121 125 126 128 129 130 132 135 138 140 145 153 165 173 276 288 291 306 311 316 325 331 350] 51 fisiere
younger:[6 10 13 15 16 17 19 20 23 27 28 31 33 37 40 47 58 59 61 72 73 76 84 97 103 106 107 113 114 115 116 119 128 147 155 158 169 170 180 330 341] 41 fisiere
youd:[62 65 67 68 77 83 91 94 96 101 107 109 114 116 117 118 122 125 126 128 131 132 133 134 137 138 140 146 149 158 159 162 166 168 179 180 183 190 276 291] 40 fisiere
youth:[14 27 33 39 40 44 58 59 90 94 96 99 102 105 121 122 126 134 140 142 143 145 148 173 174 186 189 281 285 298 303 325 330 342 355] 35 fisiere
yards:[41 60 62 64 71 74 79 83 92 95 100 101 110 114 115 118 119 148 156 182 273 292 306 311 315 325 330 339 347 348 349 350 352 355] 34 fisiere
yard:[61 62 63 64 67 69 79 92 103 107 108 110 114 115 121 125 131 132 134 140 142 143 145 147 151 183 188 192 290 303 305 336 348] 33 fisiere
yonder:[62 66 72 73 74 76 79 82 87 91 92 95 96 103 114 158 166 186 191 274 279 290 303 304 305 311 315 330 348 354 355] 31 fisiere
yourselves:[32 53 59 63 66 69 73 78 82 84 89 90 95 112 116 118 123 170 178 181 289 304 305 311 315 350] 26 fisiere
yield:[9 10 49 64 65 69 99 101 167 186 187 190 193 293 296 302 303 315 323 325 335 351] 22 fisiere
yea:[71 95 96 125 273 274 282 286 291 295 297 305 306 316 328 330 336 340 355] 19 fisiere
yawned:[11 64 68 75 91 92 95 96 97 98 113 179 308 341 355] 15 fisiere
youngest:[2 7 9 10 27 35 43 53 59 103 115 136 170 173 302] 15 fisiere
yell:[59 64 74 75 101 165 172 187 190 295 315 327 355] 13 fisiere
yelled:[75 83 87 100 101 128 130 160 286 315 317 318 325] 13 fisiere
yielded:[45 49 69 96 101 136 160 161 175 178 191 274 355] 13 fisiere
youthful:[107 113 117 134 140 152 168 173 186 191 338 343] 12 fisiere
yielding:[6 11 37 79 83 100 116 181 308 339 355] 11 fisiere
y:[71 72 89 98 100 116 138 177 315] 9 fisiere
yawning:[16 64 97 103 282 311 355] 7 fisiere
yelling:[87 95 150 159 161 282 331] 7 fisiere
yer:[145 146 167 182 183 185 187] 7 fisiere
yesterdays:[104 105 111 127 128 171 355] 7 fisiere
yon:[70 303 305 333 346 352 355] 7 fisiere
yawn:[11 16 91 93 113 187] 6 fisiere
york:[18 277 302 315 318 330] 6 fisiere
youngster:[59 60 62 140 165 179] 6 fisiere
yells:[81 83 87 190 333] 5 fisiere
yojo:[289 290 325 334 341] 5 fisiere
yellowish:[109 120 308 327] 4 fisiere
yess:[92 93 94 99] 4 fisiere
yoke:[72 297 344 350] 4 fisiere
yoked:[315 321 338 354] 4 fisiere
yore:[72 76 313 339] 4 fisiere
youa:[116 135 137 163] 4 fisiere
yale:[61 297 330] 3 fisiere
yarn:[276 311 337] 3 fisiere
yarns:[311 318 344] 3 fisiere
yeve:[289 292 304] 3 fisiere
yields:[302 323 325] 3 fisiere
youand:[18 71 130] 3 fisiere
youyou:[189 276 337] 3 fisiere
yusupov:[107 112 122] 3 fisiere
yankees:[279 315] 2 fisiere
yardarms:[317 348] 2 fisiere
yaw:[327 352] 2 fisiere
yearly:[72 297] 2 fisiere
yeast:[276 318] 2 fisiere
yerd:[182 185] 2 fisiere
yesif:[31 39] 2 fisiere
yesthe:[14 41] 2 fisiere
youhow:[44 113] 2 fisiere
younge:[33 49] 2 fisiere
youthis:[184 276] 2 fisiere
youths:[39 148] 2 fisiere
yrch:[76 79] 2 fisiere
ya:[101] 1 fisiere
yamm:[101] 1 fisiere
yammered:[65] 1 fisiere
yammering:[68] 1 fisiere
yankee:[315] 1 fisiere
yardarm:[325] 1 fisiere
yardsticksthe:[338] 1 fisiere
yardtashtego:[348] 1 fisiere
yarman:[327] 1 fisiere
yarmanoh:[327] 1 fisiere
yarmanpullwont:[327] 1 fisiere
yarnsis:[282] 1 fisiere
yassen:[78] 1 fisiere
yawed:[327] 1 fisiere
yawing:[343] 1 fisiere
yawingly:[313] 1 fisiere
ydia:[10] 1 fisiere
yearn:[172] 1 fisiere
yearned:[71] 1 fisiere
yearning:[100] 1 fisiere
yearns:[80] 1 fisiere
yearsand:[329] 1 fisiere
yearsfor:[175] 1 fisiere
yearsi:[175] 1 fisiere
yecallhims:[171] 1 fisiere
yegorovna:[111] 1 fisiere
yehe:[282] 1 fisiere
yellowfanged:[83] 1 fisiere
yellowishblack:[115] 1 fisiere
yelp:[62] 1 fisiere
yenothing:[307] 1 fisiere
yere:[315] 1 fisiere
yerll:[183] 1 fisiere
yerself:[183] 1 fisiere
yerve:[182] 1 fisiere
yesi:[9] 1 fisiere
yesit:[9] 1 fisiere
yesoh:[341] 1 fisiere
yespring:[295] 1 fisiere
yesterdayhe:[130] 1 fisiere
yesterdayi:[126] 1 fisiere
yesterdayonly:[191] 1 fisiere
yestereve:[79] 1 fisiere
yesterevening:[97] 1 fisiere
yesteryear:[82] 1 fisiere
yesthere:[109] 1 fisiere
yestre:[75] 1 fisiere
yeswhat:[164] 1 fisiere
yetgive:[186] 1 fisiere
yetheres:[301] 1 fisiere
yethough:[345] 1 fisiere
yetstir:[355] 1 fisiere
yetthey:[305] 1 fisiere
yetwhy:[119] 1 fisiere
yewtree:[161] 1 fisiere
yeyeyes:[167] 1 fisiere
yni:[78] 1 fisiere
yoats:[117] 1 fisiere
yoi:[101] 1 fisiere
yojos:[289] 1 fisiere
yojothe:[289] 1 fisiere
yokefellow:[178] 1 fisiere
yokel:[170] 1 fisiere
yokes:[339] 1 fisiere
yoking:[276] 1 fisiere
yorkshire:[338] 1 fisiere
youan:[135] 1 fisiere
yoube:[43] 1 fisiere
youbecause:[180] 1 fisiere
youbly:[8] 1 fisiere
youbut:[181] 1 fisiere
youcanthaveit:[91] 1 fisiere
youdont:[190] 1 fisiere
youhe:[276] 1 fisiere
youi:[59] 1 fisiere
youintelligent:[135] 1 fisiere
youit:[123] 1 fisiere
youlike:[142] 1 fisiere
youmr:[41] 1 fisiere
youngarmed:[343] 1 fisiere
youngish:[325] 1 fisiere
youngman:[4] 1 fisiere
youngnot:[188] 1 fisiere
younker:[162] 1 fisiere
youoh:[170] 1 fisiere
youor:[91] 1 fisiere
yourselbs:[321] 1 fisiere
yourselfand:[102] 1 fisiere
yourselfits:[134] 1 fisiere
yoursthat:[166] 1 fisiere
youshe:[130] 1 fisiere
youthat:[53] 1 fisiere
youthatitwasyouacomingrepliedmrs:[140] 1 fisiere
youthese:[175] 1 fisiere
youwhat:[325] 1 fisiere
youyoucant:[189] 1 fisiere
youyoure:[156] 1 fisiere
youyouwill:[189] 1 fisiere
yuldar:[78] 1 fisiere
yulma:[78] 1 fisiere
yushin:[113] 1 fisiere
yyes:[122] 1 fisiere
yzametov:[141] 1 fisiere
