just:[1 2 3 4 5 6 7 10 13 14 16 17 19 23 26 27 28 29 30 31 32 34 35 37 38 39 40 41 42 43 45 47 48 49 50 56 59 60 61 62 63 64 65 66 67 68 69 70 71 72 73 74 75 79 80 82 83 84 85 86 88 89 90 91 92 93 94 95 96 97 98 99 100 101 102 103 104 105 106 107 108 109 110 111 112 113 114 115 116 117 118 119 120 121 122 123 124 125 126 127 128 129 130 131 132 133 134 135 136 137 138 139 140 142 143 144 145 146 147 148 149 150 151 152 153 154 155 156 157 158 159 160 161 163 165 166 171 173 174 175 177 178 179 181 182 184 185 186 187 188 189 190 191 274 276 277 278 282 286 288 289 290 292 293 294 295 296 298 301 302 303 305 306 309 312 315 318 321 322 325 327 329 330 331 335 336 337 339 341 345 348 349 350 355]
joy:[2 6 11 25 46 48 50 56 57 58 59 61 63 65 66 70 72 73 76 78 85 86 87 88 90 93 100 109 110 115 116 118 124 125 129 139 140 142 150 156 159 161 164 172 173 175 176 181 188 189 191 192 193 273 276 282 284 291 303 316 330 335 340 349 352 354 355]
journey:[20 25 26 30 31 35 36 41 43 44 45 53 54 55 59 60 61 63 65 66 68 69 70 71 72 73 74 76 77 78 79 80 81 82 83 84 85 87 88 89 90 91 92 93 94 95 96 98 101 104 105 118 122 123 138 148 157 161 172 181 188 189 191 327]
joined:[6 7 8 10 11 14 16 18 19 21 27 29 31 33 41 42 44 45 48 49 51 52 65 67 69 72 73 76 82 84 88 95 106 107 114 132 145 150 151 152 155 164 176 182 183 186 190 191 282 291 309 315 325]
judge:[9 10 12 14 17 39 41 44 49 57 71 73 74 76 82 84 85 86 87 96 97 103 104 109 110 111 117 123 125 126 129 131 132 134 135 136 140 159 165 169 170 178 192 282 306 330 331 339 355]
jane:[1 3 4 5 6 7 8 9 10 11 12 13 15 16 18 19 21 22 23 24 25 30 31 32 34 35 36 37 38 39 40 42 43 44 45 46 47 48 49 50 51 52 53 54 55 56 57 58]
join:[3 6 8 9 11 13 15 19 41 42 43 47 48 53 54 56 61 64 67 68 72 79 83 84 88 93 97 126 128 154 166 168 182 189 191 283 291 306 315 325 353 354]
jumped:[44 59 61 62 65 67 68 71 84 100 106 107 108 109 113 115 125 128 129 130 131 137 138 140 148 155 156 169 171 173 176 179 190 276 277 291 325 333 337 341 350 353]
justice:[10 14 22 33 34 38 39 43 44 55 57 77 88 92 107 130 131 134 147 151 158 166 177 179 181 182 183 186 188 306 315]
jacket:[64 65 66 73 74 76 89 113 138 143 150 154 156 158 276 277 280 281 290 292 295 303 311 312 315 325 337 348 355]
jew:[107 138 148 149 150 153 154 155 156 158 159 160 162 165 166 174 175 179 180 182 183 184 185 186 187 189 191 192 332]
judgment:[4 9 16 24 27 31 32 33 39 43 47 54 55 110 111 116 132 136 137 180 274 289 291 305 313 321 327 355]
job:[59 63 77 95 96 98 101 105 107 110 112 132 137 145 159 160 164 165 166 179 185 273 302 331 343 351 355]
jolly:[59 60 64 66 114 149 156 158 162 165 179 182 274 275 276 298 302 305 312 333 337 338 345 348]
jump:[62 63 80 91 92 116 125 126 151 161 274 276 289 292 305 315 325 333 337 348 355]
jane’s:[3 6 9 12 13 16 19 21 22 23 31 34 35 43 44 48 49 51 52 56]
jaws:[59 64 87 191 273 276 282 289 298 302 303 311 315 316 318 325 330 339 341 355]
jaw:[143 187 273 276 286 289 299 302 303 306 315 321 325 327 330 338 341 345 355]
jet:[78 82 91 275 302 306 309 313 317 318 327 328 329 330 335 338 348 355]
jews:[125 136 148 149 150 153 155 156 158 159 160 165 166 174 184 186 187 295]
jewels:[56 60 62 65 69 71 74 76 77 78 96 113 114 149 150 191 330]
jumping:[7 72 80 106 119 120 123 131 134 139 145 156 162 164 190 276 291]
joke:[2 11 44 59 63 104 124 126 169 193 278 298 301 311 312]
jagged:[66 69 74 83 85 87 88 92 98 99 156 304 355]
john:[35 125 148 156 179 280 302 306 309 325 330 339 342]
journeyed:[60 66 67 72 76 79 82 85 89 94 171 191]
jerk:[67 84 93 153 155 161 182 190 286 325 350]
jokes:[37 68 94 106 117 145 158 174 179 188 318]
justify:[11 25 32 38 42 94 103 113 122 140 339]
justly:[46 47 55 86 96 120 121 169 273 315 339]
jove:[110 113 115 119 122 280 306 326 337 355]
judged:[29 44 46 70 82 104 140 147 171 182]
japan:[280 289 291 297 299 309 330 338 349]
japanese:[289 308 312 338 341 342 345 347 348]
joint:[74 88 146 150 168 171 281 298 325]
joints:[28 59 73 87 100 281 290 321 338]
jonah:[246 273 276 282 302 315 325 327 338]
journeys:[60 72 73 77 78 82 95 330 355]
joyful:[20 44 104 140 174 191 282 306 325]
justified:[13 16 43 45 116 120 170 278 306]
jane;:[12 22 24 25 28 52 56 57]
jealous:[21 47 116 117 136 179 283 297]
jeering:[104 120 132 136 146 182 189 286]
jerked:[59 75 101 114 158 181 189 325]
jest:[72 77 83 88 92 95 96 121]
jets:[84 300 311 315 327 329 339 355]
joking:[56 71 98 107 116 126 192 331]
judges:[72 96 130 140 163 183 190 282]
jack-knife:[276 283 289 315 337 338 341]
jealousy:[12 14 43 117 146 156 303]
jingling:[66 106 108 166 176 302 344]
joining:[11 12 26 33 44 150 335]
judging:[16 24 104 123 133 135 275]
june:[35 40 46 61 72 274 277]
jackets:[66 73 276 278 284 338]
jail:[148 156 180 186 187 282]
jaw;:[295 303 315 325 334 355]
jeer:[103 108 117 126 137 315]
jerking:[153 311 315 328 330 355]
jew::[149 152 153 155 159 179]
jew;:[148 149 159 165 166 185]
jot:[8 289 306 321 347 355]
joyfully:[22 70 84 193 310 346]
juncture:[147 182 295 327 330 334]
j:[72 90 302 309 315]
jack:[102 148 166 183 337]
jar:[84 129 293 303 333]
jeered:[83 87 102 126 134]
jeopardy:[278 318 319 320 325]
joins:[59 61 70 188 279]
jostling:[83 101 102 150 190]
journeying:[61 67 70 71 96]
joyously:[86 143 285 345 355]
judgement:[60 71 74 86 97]
jug:[62 103 110 159 183]
james’s:[5 20 27 57]
january:[10 25 73 111]
jewel:[57 61 70 121]
jewelled:[66 299 302 332]
jogged:[66 68 143 325]
jones:[8 9 291 326]
journey;:[35 67 78 122]
joyous:[193 324 333 355]
junk:[302 321 325 327]
jury:[142 144 192 294]
jammed:[302 330 348]
jamming:[325 330 355]
jane!:[23 51 57]
jars:[70 84 282]
jaunty:[103 109 114]
jaw-bone:[335 341 349]
jenkinson:[17 26 27]
jeopardized:[333 352 355]
jewellers:[112 302 325]
jewellery:[128 149 153]
jig:[67 305 345]
jobs:[107 306 351]
jogging:[61 66 182]
johnson:[315 324 339]
joists:[325 338 340]
jonahs:[282 315 327]
jove!:[134 147 165]
joy;:[71 127 162]
juggling:[299 337 350]
juicy:[288 305 321]
july:[40 68 102]
jumbled:[25 178 327]
junior:[33 189 315]
jupiter:[327 329 355]
just;:[38 57 173]
justification:[34 117 315]
juvenile:[142 148 159]
jabbering:[283 292]
jack!:[158 309]
jack-knives:[315 337]
jackal:[280 331]
jaffa:[282 327]
jail;:[159 331]
jailer:[183 192]
jailor:[90 151]
jails:[180 335]
jam:[111 325]
jamaica:[128 154]
jaundice:[128 327]
java;:[317 330]
javan:[276 330]
javelin:[297 337]
javelins:[298 348]
jealously:[119 343]
jeeringly:[114 333]
jelly:[129 318]
jeroboam:[244 325]
jerusalem:[120 140]
jester:[70 90]
jests:[67 165]
jesus:[125 355]
jetted:[313 318]
jew!:[174 175]
jib:[303 349]
job!:[114 297]
johns:[148 182]
joist:[327 341]
joker:[312 348]
jokes!:[112 138]
jollity:[306 311]
jonas:[315 339]
jones’s:[8 13]
joppa:[282 327]
jostled:[115 183]
journal:[134 273]
journe:[68 94]
journey::[95 101]
journey?:[78 122]
journeyman:[112 298]
jovial:[120 321]
ju:[70 79]
judgments:[154 315]
judiciously:[274 309]
juggler:[328 330]
julys:[328 333]
jumps:[6 92]
junction:[321 330]
jungfrau:[327 328]
juries:[134 144]
jurymen:[144 192]
justifiable:[129 130]
jutting:[69 79]
jack-of-all-trades:[352]
jack;:[165]
jackanapes:[157]
jackasses:[299]
jacket-collar:[150]
jacks:[345]
jackson:[298]
jackthe:[183]
jacob:a:[330]
jacobs:[190]
jade!:[184]
jaded:[172]
jago:[331]
jagos:[305]
jalap:[325]
jambs:[276]
james’s?”:[6]
jane--one:[9]
jane--which:[7]
jane--you:[12]
jane::[46]
jane?:[56]
jane?”:[55]
jane’s?:[38]
japan;:[341]
japanning:[158]
japans:[342]
japonicas:[306]
jar;:[84]
jargon:[118]
jaundiced:[174]
jauntily:[109]
java:[330]
javlins:[273]
jaw!:[355]
jaw-cracker:[73]
jaw-ivory:[340]
jaw?:[321]
jawbeing:[325]
jaws;:[315]
jaws?:[312]
jealous;:[10]
jebbs:[327]
jeering;:[137]
jeers:[147]
jeffersons:[273]
jem:[171]
jemmies:[160]
jenkinson’s:[29]
jenny:[337]
jenny!:[337]
jeopardize:[312]
jeopardy;:[296]
jeremy:[315]
jeremys:[315]
jerkily:[109]
jerkingly:[350]
jerky:[140]
jeroboam;why:[325]
jeroboams:[325]
jessamine:[174]
jest!:[90]
jest;:[153]
jestingly:[31]
jesty:[348]
jesu:[315]
jesuitical:[105]
jet!that:[346]
jet-black:[334]
jet;:[327]
jetsam:[89]
jettest:[346]
jetting:[355]
jew?:[128]
jewel!:[111]
jewel-case:[112]
jewel-cases:[110]
jewel-hilted:[321]
jewel;:[73]
jewelers:[102]
jeweller:[333]
jewellery::[59]
jewels?:[74]
jewish:[138]
jib-boom:[325]
jib-booms:[331]
jib-stay!:[305]
jibs!:[305]
jiff:[337]
jiffy;:[276]
jilt:[22]
jimimi!:[337]
jimmini:[305]
jingle:[305]
jingled:[70]
jinglers:[305]
jinglers!:[305]
jining:[167]
job's:[101]
job-shop:[351]
job;:[315]
job?:[93]
job_:[93]
jobcoming:[305]
jocosity:[144]
jocularity:[157]
jocularly:[294]
joe:[282]
joe;:[179]
joes:[337]
jog:[106]
jogs:[318]
johann:[129]
johnny:[276]
johnson_:[273]
joiner:[298]
joint-commanders:[295]
joint-owners:[312]
joint-stock:[286]
jointed:[100]
joints;:[338]
joke;:[338]
joke?:[127]
joked:[192]
jokes;:[67]
joking;:[161]
joking?:[120]
joky:[348]
jollies!:[305]
jollies?:[305]
jollily:[337]
jolly!:[345]
jolly-boat:[326]
jolly;:[289]
jolly;not:[335]
jollys:[337]
jolt:[92]
jolted:[83]
jolts:[70]
jonah!:[282]
jonah;:[282]
jonah?:[282]
jonahand:[282]
jonahs;:[282]
jonas-in-the-whale:[273]
jonathan:[330]
jones--therefore:[7]
jonesall:[327]
joosy:[321]
jordan:[295]
jorum::[177]
jostle:[279]
journalist:[135]
journey!:[118]
journey's:[69]
journeys--and:[30]
jove?:[274]
joves:[326]
joviality:[166]
jowl:[83]
joy-childlessness:[340]
joy?”:[6]
joyousness:[173]
joyousnessa:[355]
juan:[309]
juba:[330]
jubilations:[345]
judea;:[334]
judge;:[44]
judge?”:[31]
judgement!:[97]
judges:like:[355]
judgmatically:[274]
judgment;:[335]
judicious:[355]
judith:[325]
judy:[132]
jug;:[148]
juggler's:[90]
juggler):[65]
jugglers:[318]
juices:[327]
juicy-sweet!:[93]
jump!':[92]
jump;:[333]
june;:[71]
jungle:[316]
juniors:[59]
juniper-wood:[273]
junipers:[95]
junks:[312]
junks;:[289]
jupiter;:[283]
jure:[302]
jurisdiction:[331]
jurisprudence;:[330]
jury-mastshow:[291]
juryman;:[179]
jus:[97]
just::[97]
juster:[122]
juster?:[122]
justice::[183]
justification--when:[130]
justified;:[22]
justify;:[152]
justifying:[7]
justinian:[309]
justinians:[330]
jutted:[79]
juxtaposition?:[117]
